N-001 1 2 -2
N-001 1 2 -2
N-001 1 2 -1
N-001 1 5 1
N-001 1 5 1
N-001 1 5 1
N-001 2 3 2
N-001 2 3 1
N-001 2 3 1
N-001 2 4 0
N-001 2 4 1
N-001 2 4 0
N-001 3 1 2
N-001 3 1 -1
N-001 3 1 -1
N-001 4 1 1
N-001 4 1 1
N-001 4 1 1
N-001 4 3 1
N-001 4 3 2
N-001 4 3 1
N-001 4 5 -2
N-001 4 5 2
N-001 4 5 1
N-001 5 2 -2
N-001 5 2 -2
N-001 5 2 -1
N-001 5 3 -1
N-001 5 3 1
N-001 5 3 1
N-002 1 2 -2
N-002 1 2 -1
N-002 1 2 1
N-002 1 5 0
N-002 1 5 0
N-002 1 5 1
N-002 2 3 2
N-002 2 3 2
N-002 2 3 0
N-002 2 4 0
N-002 2 4 -2
N-002 2 4 0
N-002 3 1 0
N-002 3 1 1
N-002 3 1 0
N-002 4 1 1
N-002 4 1 2
N-002 4 1 0
N-002 4 3 1
N-002 4 3 1
N-002 4 3 0
N-002 4 5 2
N-002 4 5 1
N-002 4 5 1
N-002 5 2 -1
N-002 5 2 -1
N-002 5 2 -1
N-002 5 3 0
N-002 5 3 1
N-002 5 3 -1
N-003 1 2 -1
N-003 1 2 -1
N-003 1 2 -1
N-003 1 5 -1
N-003 1 5 -1
N-003 1 5 -1
N-003 2 3 0
N-003 2 3 -1
N-003 2 3 0
N-003 2 4 0
N-003 2 4 0
N-003 2 4 0
N-003 3 1 1
N-003 3 1 1
N-003 3 1 1
N-003 4 1 1
N-003 4 1 1
N-003 4 1 1
N-003 4 3 -1
N-003 4 3 -1
N-003 4 3 -1
N-003 4 5 -1
N-003 4 5 -1
N-003 4 5 0
N-003 5 2 0
N-003 5 2 -1
N-003 5 2 0
N-003 5 3 1
N-003 5 3 0
N-003 5 3 -1
N-004 1 2 -1
N-004 1 2 -1
N-004 1 2 -1
N-004 1 5 -1
N-004 1 5 1
N-004 1 5 0
N-004 2 3 2
N-004 2 3 2
N-004 2 3 1
N-004 2 4 -1
N-004 2 4 0
N-004 2 4 0
N-004 3 1 -1
N-004 3 1 -1
N-004 3 1 -1
N-004 4 1 1
N-004 4 1 1
N-004 4 1 1
N-004 4 3 1
N-004 4 3 2
N-004 4 3 1
N-004 4 5 1
N-004 4 5 2
N-004 4 5 1
N-004 5 2 -2
N-004 5 2 -2
N-004 5 2 -1
N-004 5 3 1
N-004 5 3 0
N-004 5 3 -1
N-005 1 2 1
N-005 1 2 -1
N-005 1 2 -1
N-005 1 5 -1
N-005 1 5 2
N-005 1 5 2
N-005 2 3 2
N-005 2 3 2
N-005 2 3 2
N-005 2 4 0
N-005 2 4 1
N-005 2 4 0
N-005 3 1 2
N-005 3 1 -1
N-005 3 1 -1
N-005 4 1 1
N-005 4 1 1
N-005 4 1 0
N-005 4 3 -1
N-005 4 3 2
N-005 4 3 2
N-005 4 5 2
N-005 4 5 2
N-005 4 5 2
N-005 5 2 -1
N-005 5 2 -2
N-005 5 2 -1
N-005 5 3 -2
N-005 5 3 -2
N-005 5 3 -1
N-006 1 2 -2
N-006 1 2 -2
N-006 1 2 -2
N-006 1 5 -1
N-006 1 5 0
N-006 1 5 1
N-006 2 3 2
N-006 2 3 2
N-006 2 3 2
N-006 2 4 -2
N-006 2 4 1
N-006 2 4 0
N-006 3 1 1
N-006 3 1 0
N-006 3 1 -1
N-006 4 1 1
N-006 4 1 2
N-006 4 1 1
N-006 4 3 0
N-006 4 3 1
N-006 4 3 2
N-006 4 5 0
N-006 4 5 2
N-006 4 5 1
N-006 5 2 -1
N-006 5 2 -2
N-006 5 2 -2
N-006 5 3 0
N-006 5 3 1
N-006 5 3 1
N-007 1 2 -2
N-007 1 2 -1
N-007 1 2 0
N-007 1 5 0
N-007 1 5 -1
N-007 1 5 0
N-007 2 3 -1
N-007 2 3 2
N-007 2 3 0
N-007 2 4 -1
N-007 2 4 2
N-007 2 4 -1
N-007 3 1 1
N-007 3 1 1
N-007 3 1 0
N-007 4 1 1
N-007 4 1 1
N-007 4 1 2
N-007 4 3 1
N-007 4 3 1
N-007 4 3 1
N-007 4 5 1
N-007 4 5 -1
N-007 4 5 2
N-007 5 2 0
N-007 5 2 -1
N-007 5 2 -1
N-007 5 3 -1
N-007 5 3 2
N-007 5 3 0
N-008 1 2 -2
N-008 1 2 -1
N-008 1 2 -1
N-008 1 5 -1
N-008 1 5 -1
N-008 1 5 1
N-008 2 3 1
N-008 2 3 1
N-008 2 3 -1
N-008 2 4 -1
N-008 2 4 -1
N-008 2 4 -2
N-008 3 1 0
N-008 3 1 0
N-008 3 1 -1
N-008 4 1 1
N-008 4 1 1
N-008 4 1 2
N-008 4 3 0
N-008 4 3 1
N-008 4 3 -1
N-008 4 5 -1
N-008 4 5 -1
N-008 4 5 0
N-008 5 2 0
N-008 5 2 2
N-008 5 2 -1
N-008 5 3 2
N-008 5 3 2
N-008 5 3 0
N-009 1 2 -1
N-009 1 2 0
N-009 1 5 -1
N-009 1 5 0
N-009 2 3 0
N-009 2 3 0
N-009 2 4 -1
N-009 2 4 -1
N-009 3 1 0
N-009 3 1 1
N-009 4 1 1
N-009 4 1 1
N-009 4 3 1
N-009 4 3 -1
N-009 4 5 -1
N-009 4 5 0
N-009 5 2 1
N-009 5 2 0
N-009 5 3 2
N-009 5 3 0
N-010 1 2 -2
N-010 1 2 2
N-010 1 5 1
N-010 1 5 2
N-010 2 3 1
N-010 2 3 2
N-010 2 4 -2
N-010 2 4 -2
N-010 3 1 -2
N-010 3 1 -2
N-010 4 1 1
N-010 4 1 -2
N-010 4 3 2
N-010 4 3 2
N-010 4 5 2
N-010 4 5 2
N-010 5 2 -1
N-010 5 2 -2
N-010 5 3 2
N-010 5 3 -1
N-011 1 2 -2
N-011 1 2 -2
N-011 1 5 -1
N-011 1 5 1
N-011 2 3 1
N-011 2 3 1
N-011 2 4 -1
N-011 2 4 2
N-011 3 1 1
N-011 3 1 2
N-011 4 1 2
N-011 4 1 2
N-011 4 3 1
N-011 4 3 2
N-011 4 5 1
N-011 4 5 2
N-011 5 2 -2
N-011 5 2 -2
N-011 5 3 1
N-011 5 3 2
N-012 1 2 -2
N-012 1 2 -2
N-012 1 5 -1
N-012 1 5 0
N-012 2 3 1
N-012 2 3 2
N-012 2 4 -1
N-012 2 4 -2
N-012 3 1 1
N-012 3 1 1
N-012 4 1 1
N-012 4 1 1
N-012 4 3 1
N-012 4 3 2
N-012 4 5 -2
N-012 4 5 -2
N-012 5 2 -2
N-012 5 2 -1
N-012 5 3 2
N-012 5 3 2
N-013 1 2 -2
N-013 1 2 -2
N-013 1 2 -1
N-013 1 2 -1
N-013 1 4 -2
N-013 1 5 -1
N-013 1 5 0
N-013 1 5 1
N-013 2 3 1
N-013 2 3 0
N-013 2 3 1
N-013 2 4 1
N-013 2 4 -1
N-013 2 4 1
N-013 2 5 1
N-013 3 1 0
N-013 3 1 -1
N-013 3 4 -2
N-013 3 5 0
N-013 4 1 1
N-013 4 1 1
N-013 4 3 1
N-013 4 3 1
N-013 4 5 1
N-013 4 5 0
N-013 4 5 2
N-013 5 2 0
N-013 5 2 -1
N-013 5 3 0
N-013 5 3 1
N-014 1 2 -2
N-014 1 2 -2
N-014 1 5 1
N-014 1 5 1
N-014 2 3 1
N-014 2 3 2
N-014 2 4 1
N-014 2 4 1
N-014 3 1 0
N-014 3 1 -1
N-014 4 1 0
N-014 4 1 1
N-014 4 3 0
N-014 4 3 1
N-014 4 5 1
N-014 4 5 2
N-014 5 2 -1
N-014 5 2 -2
N-014 5 3 0
N-014 5 3 1
N-015 1 2 -2
N-015 1 2 -2
N-015 1 5 0
N-015 1 5 -1
N-015 2 3 1
N-015 2 3 2
N-015 2 4 1
N-015 2 4 -2
N-015 3 1 0
N-015 3 1 1
N-015 4 1 2
N-015 4 1 2
N-015 4 3 1
N-015 4 3 2
N-015 4 5 2
N-015 4 5 2
N-015 5 2 -2
N-015 5 2 -2
N-015 5 3 0
N-015 5 3 2
N-016 1 2 -2
N-016 1 2 -1
N-016 1 5 0
N-016 1 5 1
N-016 2 3 2
N-016 2 3 1
N-016 2 4 -1
N-016 2 4 -2
N-016 3 1 -1
N-016 3 1 -1
N-016 4 1 1
N-016 4 1 2
N-016 4 3 1
N-016 4 3 2
N-016 4 5 2
N-016 4 5 2
N-016 5 2 -2
N-016 5 2 -1
N-016 5 3 1
N-016 5 3 1
N-017 1 2 -2
N-017 1 2 2
N-017 1 2 0
N-017 1 5 -2
N-017 1 5 1
N-017 1 5 -1
N-017 2 3 1
N-017 2 3 -2
N-017 2 3 0
N-017 2 4 1
N-017 2 4 -1
N-017 2 4 -1
N-017 3 1 0
N-017 3 1 1
N-017 3 1 0
N-017 4 1 1
N-017 4 1 1
N-017 4 1 1
N-017 4 3 0
N-017 4 3 0
N-017 4 3 0
N-017 4 5 -2
N-017 4 5 1
N-017 4 5 1
N-017 5 2 -1
N-017 5 2 1
N-017 5 2 0
N-017 5 3 1
N-017 5 3 -2
N-017 5 3 1
N-018 1 2 -1
N-018 1 2 2
N-018 1 2 -2
N-018 1 5 2
N-018 1 5 0
N-018 2 3 2
N-018 2 3 -2
N-018 2 3 2
N-018 2 4 -1
N-018 2 4 -1
N-018 2 4 -2
N-018 3 1 1
N-018 3 1 2
N-018 3 1 1
N-018 4 1 2
N-018 4 1 -2
N-018 4 1 2
N-018 4 3 2
N-018 4 3 -2
N-018 4 3 1
N-018 4 5 1
N-018 4 5 2
N-018 5 2 2
N-018 5 2 0
N-018 5 2 -2
N-018 5 3 2
N-018 5 3 2
N-018 5 3 2
N-018 5 3 -2
N-018 5 3 2
N-019 1 2 -2
N-019 1 2 0
N-019 1 2 -2
N-019 1 5 -1
N-019 1 5 0
N-019 1 5 0
N-019 2 3 1
N-019 2 3 -1
N-019 2 3 0
N-019 2 4 1
N-019 2 4 1
N-019 2 4 0
N-019 3 1 0
N-019 3 1 1
N-019 3 1 0
N-019 4 1 1
N-019 4 1 0
N-019 4 1 0
N-019 4 3 0
N-019 4 3 -1
N-019 4 3 0
N-019 4 5 -1
N-019 4 5 0
N-019 4 5 1
N-019 5 2 -1
N-019 5 2 -1
N-019 5 2 0
N-019 5 3 2
N-019 5 3 -1
N-019 5 3 0
N-020 1 2 -1
N-020 1 2 2
N-020 1 2 1
N-020 1 5 -1
N-020 1 5 1
N-020 1 5 1
N-020 2 3 1
N-020 2 3 -2
N-020 2 3 1
N-020 2 4 -1
N-020 2 4 -1
N-020 2 4 -2
N-020 3 1 1
N-020 3 1 2
N-020 3 1 -1
N-020 4 1 1
N-020 4 1 -1
N-020 4 1 2
N-020 4 3 1
N-020 4 3 -2
N-020 4 3 1
N-020 4 5 1
N-020 4 5 1
N-020 4 5 2
N-020 5 2 -1
N-020 5 2 1
N-020 5 2 0
N-020 5 3 1
N-020 5 3 -2
N-020 5 3 1
N-021 1 2 -2
N-021 1 2 0
N-021 1 2 -1
N-021 1 5 -2
N-021 1 5 -1
N-021 1 5 0
N-021 2 3 1
N-021 2 3 -1
N-021 2 3 1
N-021 2 4 -1
N-021 2 4 -1
N-021 2 4 -2
N-021 3 1 1
N-021 3 1 2
N-021 3 1 0
N-021 4 1 2
N-021 4 1 0
N-021 4 1 1
N-021 4 3 1
N-021 4 3 0
N-021 4 3 1
N-021 4 5 -1
N-021 4 5 1
N-021 4 5 1
N-021 5 2 -1
N-021 5 2 0
N-021 5 2 -1
N-021 5 3 2
N-021 5 3 -1
N-021 5 3 0
N-022 1 2 -2
N-022 1 2 1
N-022 1 2 -2
N-022 1 5 -2
N-022 1 5 0
N-022 1 5 0
N-022 2 3 1
N-022 2 3 -2
N-022 2 3 1
N-022 2 4 -1
N-022 2 4 -1
N-022 2 4 -2
N-022 3 1 1
N-022 3 1 1
N-022 3 1 0
N-022 4 1 2
N-022 4 1 1
N-022 4 1 1
N-022 4 3 2
N-022 4 3 -1
N-022 4 3 0
N-022 4 5 2
N-022 4 5 1
N-022 4 5 2
N-022 5 2 -1
N-022 5 2 -1
N-022 5 2 -1
N-022 5 3 1
N-022 5 3 -2
N-022 5 3 -2
N-023 1 2 -1
N-023 1 2 0
N-023 1 2 -2
N-023 1 5 -2
N-023 1 5 0
N-023 1 5 -1
N-023 2 3 1
N-023 2 3 -1
N-023 2 3 0
N-023 2 4 0
N-023 2 4 1
N-023 2 4 -1
N-023 3 1 1
N-023 3 1 2
N-023 3 1 0
N-023 4 1 1
N-023 4 1 1
N-023 4 1 0
N-023 4 3 1
N-023 4 3 -1
N-023 4 3 0
N-023 4 5 -1
N-023 4 5 0
N-023 4 5 0
N-023 5 2 1
N-023 5 2 0
N-023 5 2 -2
N-023 5 3 1
N-023 5 3 -1
N-023 5 3 0
N-024 1 2 -2
N-024 1 2 0
N-024 1 2 -2
N-024 1 5 -1
N-024 1 5 0
N-024 1 5 0
N-024 2 3 1
N-024 2 3 -2
N-024 2 3 -2
N-024 2 4 1
N-024 2 4 -1
N-024 2 4 -1
N-024 3 1 1
N-024 3 1 1
N-024 3 1 1
N-024 4 1 1
N-024 4 1 1
N-024 4 1 1
N-024 4 3 1
N-024 4 3 -1
N-024 4 3 -2
N-024 4 5 1
N-024 4 5 1
N-024 4 5 2
N-024 5 2 -1
N-024 5 2 1
N-024 5 2 1
N-024 5 3 1
N-024 5 3 -2
N-024 5 3 2
N-025 1 2 -2
N-025 1 2 -2
N-025 1 2 0
N-025 1 5 -1
N-025 1 5 0
N-025 1 5 0
N-025 2 3 2
N-025 2 3 -2
N-025 2 3 1
N-025 2 4 2
N-025 2 4 -1
N-025 2 4 2
N-025 3 1 1
N-025 3 1 2
N-025 3 1 1
N-025 4 1 0
N-025 4 1 2
N-025 4 1 1
N-025 4 3 0
N-025 4 3 1
N-025 4 3 1
N-025 4 5 -2
N-025 4 5 1
N-025 4 5 2
N-025 5 2 -1
N-025 5 2 -1
N-025 5 2 -1
N-025 5 3 2
N-025 5 3 -2
N-025 5 3 -1
N-026 1 2 -2
N-026 1 2 -1
N-026 1 2 -2
N-026 1 5 -2
N-026 1 5 -1
N-026 1 5 -1
N-026 2 3 2
N-026 2 3 1
N-026 2 3 1
N-026 2 4 1
N-026 2 4 1
N-026 2 4 2
N-026 3 1 0
N-026 3 1 2
N-026 3 1 0
N-026 4 1 1
N-026 4 1 1
N-026 4 1 0
N-026 4 3 0
N-026 4 3 -2
N-026 4 3 0
N-026 4 5 -1
N-026 4 5 -1
N-026 4 5 -1
N-026 5 2 -2
N-026 5 2 -1
N-026 5 2 -1
N-026 5 3 2
N-026 5 3 1
N-026 5 3 1
N-027 1 2 -1
N-027 1 2 -1
N-027 1 2 -1
N-027 1 5 -1
N-027 1 5 -1
N-027 1 5 -1
N-027 2 3 1
N-027 2 3 -1
N-027 2 3 2
N-027 2 4 1
N-027 2 4 -1
N-027 2 4 2
N-027 3 1 0
N-027 3 1 0
N-027 3 1 1
N-027 4 1 -1
N-027 4 1 1
N-027 4 1 1
N-027 4 3 0
N-027 4 3 -1
N-027 4 3 1
N-027 4 5 -1
N-027 4 5 1
N-027 4 5 1
N-027 5 2 -1
N-027 5 2 -1
N-027 5 2 -1
N-027 5 3 1
N-027 5 3 1
N-027 5 3 0
N-028 1 2 -2
N-028 1 2 -1
N-028 1 2 -2
N-028 1 5 -1
N-028 1 5 0
N-028 1 5 0
N-028 2 3 1
N-028 2 3 -2
N-028 2 3 2
N-028 2 4 0
N-028 2 4 -1
N-028 2 4 -2
N-028 3 1 0
N-028 3 1 1
N-028 3 1 0
N-028 4 1 1
N-028 4 1 2
N-028 4 1 1
N-028 4 3 0
N-028 4 3 0
N-028 4 3 1
N-028 4 5 0
N-028 4 5 2
N-028 4 5 2
N-028 5 2 1
N-028 5 2 -1
N-028 5 2 -1
N-028 5 3 2
N-028 5 3 -1
N-028 5 3 2
N-029 1 2 -2
N-029 1 2 -2
N-029 1 2 -2
N-029 1 2 -2
N-029 1 2 -2
N-029 1 2 -2
N-029 1 2 -2
N-029 1 2 -2
N-029 1 2 -2
N-029 1 2 -2
N-029 1 2 -2
N-029 1 2 -2
N-029 1 2 -1
N-029 1 2 -2
N-029 1 2 -1
N-029 1 2 -2
N-029 1 5 -2
N-029 1 5 -2
N-029 2 3 2
N-029 2 3 2
N-029 2 4 -2
N-029 2 4 -2
N-029 3 1 1
N-029 3 1 1
N-029 4 1 -1
N-029 4 1 2
N-029 4 3 -2
N-029 4 3 2
N-029 4 5 2
N-029 4 5 2
N-029 5 2 2
N-029 5 2 -2
N-029 5 3 -2
N-029 5 3 2
N-030 1 2 -1
N-030 1 2 -2
N-030 1 5 -1
N-030 1 5 -1
N-030 1 5 -1
N-030 1 5 -1
N-030 1 5 -1
N-030 1 5 -1
N-030 1 5 1
N-030 1 5 1
N-030 1 5 2
N-030 1 5 2
N-030 1 5 2
N-030 1 5 2
N-030 1 5 2
N-030 1 5 0
N-030 1 5 0
N-030 1 5 0
N-030 1 5 0
N-030 1 5 0
N-030 1 5 0
N-030 1 5 2
N-030 1 5 1
N-030 1 5 -1
N-030 1 5 -1
N-030 2 3 2
N-030 2 3 1
N-030 2 4 2
N-030 2 4 1
N-030 3 1 1
N-030 3 1 1
N-030 3 1 0
N-030 3 1 1
N-030 4 1 1
N-030 4 1 1
N-030 4 3 0
N-030 4 3 0
N-030 4 5 1
N-030 4 5 -1
N-030 5 2 -2
N-030 5 2 -2
N-030 5 3 1
N-030 5 3 1
N-031 1 2 -1
N-031 1 2 -2
N-031 1 5 -1
N-031 1 5 0
N-031 2 3 -2
N-031 2 3 2
N-031 2 4 -2
N-031 2 4 -2
N-031 3 1 1
N-031 3 1 0
N-031 4 1 2
N-031 4 1 0
N-031 4 3 -2
N-031 4 3 2
N-031 4 5 2
N-031 4 5 1
N-031 5 2 -1
N-031 5 2 -2
N-031 5 3 -2
N-031 5 3 -1
N-032 1 2 -1
N-032 1 2 -2
N-032 1 5 -1
N-032 1 5 0
N-032 2 3 2
N-032 2 3 1
N-032 2 4 1
N-032 2 4 2
N-032 3 1 0
N-032 3 1 0
N-032 4 1 1
N-032 4 1 2
N-032 4 3 0
N-032 4 3 1
N-032 4 5 1
N-032 4 5 -1
N-032 5 2 1
N-032 5 2 1
N-032 5 2 2
N-032 5 2 1
N-032 5 2 -1
N-032 5 2 -2
N-032 5 2 0
N-032 5 2 1
N-032 5 2 2
N-032 5 2 1
N-032 5 2 -1
N-032 5 2 1
N-032 5 2 -2
N-032 5 2 0
N-032 5 3 1
N-032 5 3 0
N-033 1 2 -2
N-033 1 2 -2
N-033 1 2 -2
N-033 1 5 -2
N-033 1 5 -1
N-033 1 5 -1
N-033 2 3 2
N-033 2 3 2
N-033 2 3 2
N-033 2 4 2
N-033 2 4 2
N-033 2 4 2
N-033 3 1 0
N-033 3 1 2
N-033 3 1 1
N-033 4 1 0
N-033 4 1 1
N-033 4 1 0
N-033 4 3 0
N-033 4 3 1
N-033 4 3 0
N-033 4 5 -2
N-033 4 5 2
N-033 4 5 2
N-033 5 2 -2
N-033 5 2 2
N-033 5 2 -2
N-033 5 3 1
N-033 5 3 2
N-033 5 3 2
N-034 1 2 -1
N-034 1 2 -2
N-034 1 2 -2
N-034 1 5 0
N-034 1 5 -2
N-034 1 5 0
N-034 2 3 2
N-034 2 3 1
N-034 2 3 1
N-034 2 4 2
N-034 2 4 2
N-034 2 4 0
N-034 3 1 0
N-034 3 1 0
N-034 3 1 0
N-034 4 1 2
N-034 4 1 1
N-034 4 1 1
N-034 4 3 2
N-034 4 3 1
N-034 4 3 1
N-034 4 5 2
N-034 4 5 2
N-034 4 5 2
N-034 5 2 -2
N-034 5 2 -2
N-034 5 2 -1
N-034 5 3 0
N-034 5 3 1
N-034 5 3 1
N-035 1 2 -2
N-035 1 2 -2
N-035 1 2 -1
N-035 1 5 -1
N-035 1 5 -1
N-035 1 5 -1
N-035 2 3 2
N-035 2 3 1
N-035 2 3 1
N-035 2 4 2
N-035 2 4 1
N-035 2 4 1
N-035 3 1 0
N-035 3 1 0
N-035 3 1 0
N-035 4 1 2
N-035 4 1 0
N-035 4 1 0
N-035 4 3 0
N-035 4 3 0
N-035 4 3 0
N-035 4 5 -2
N-035 4 5 -1
N-035 4 5 -1
N-035 5 2 -2
N-035 5 2 -2
N-035 5 2 -1
N-035 5 3 2
N-035 5 3 2
N-035 5 3 1
N-036 1 2 -2
N-036 1 2 -2
N-036 1 2 -2
N-036 1 5 -1
N-036 1 5 -1
N-036 1 5 -1
N-036 2 3 2
N-036 2 3 2
N-036 2 3 2
N-036 2 4 2
N-036 2 4 -1
N-036 2 4 1
N-036 3 1 0
N-036 3 1 0
N-036 3 1 0
N-036 4 1 0
N-036 4 1 1
N-036 4 1 1
N-036 4 3 1
N-036 4 3 1
N-036 4 3 1
N-036 4 5 2
N-036 4 5 2
N-036 4 5 2
N-036 5 2 -2
N-036 5 2 -2
N-036 5 2 -2
N-036 5 3 2
N-036 5 3 2
N-036 5 3 1
N-037 1 2 -2
N-037 1 2 -2
N-037 1 2 -2
N-037 1 2 -2
N-037 1 5 -1
N-037 1 5 -1
N-037 1 5 0
N-037 1 5 0
N-037 1 5 -1
N-037 2 3 2
N-037 2 3 -1
N-037 2 3 2
N-037 2 4 1
N-037 2 4 -1
N-037 2 4 1
N-037 3 1 0
N-037 3 1 -1
N-037 3 1 1
N-037 3 1 1
N-037 3 1 0
N-037 4 1 0
N-037 4 1 -1
N-037 4 1 -1
N-037 4 1 -1
N-037 4 1 -1
N-037 4 1 0
N-037 4 3 0
N-037 4 3 -1
N-037 4 3 0
N-037 4 5 -1
N-037 4 5 1
N-037 4 5 2
N-037 4 5 2
N-037 4 5 -1
N-037 5 2 -1
N-037 5 2 -1
N-037 5 2 -1
N-037 5 3 2
N-037 5 3 -2
N-037 5 3 2
N-037 5 3 1
N-038 1 2 -2
N-038 1 2 1
N-038 1 2 -2
N-038 1 5 -1
N-038 1 5 1
N-038 1 5 0
N-038 1 5 0
N-038 2 3 2
N-038 2 3 -1
N-038 2 3 2
N-038 2 3 2
N-038 2 3 2
N-038 2 3 1
N-038 2 4 0
N-038 2 4 -1
N-038 2 4 -1
N-038 2 4 0
N-038 2 4 -1
N-038 3 1 0
N-038 3 1 -1
N-038 3 1 0
N-038 4 1 1
N-038 4 1 -1
N-038 4 1 0
N-038 4 3 1
N-038 4 3 1
N-038 4 3 1
N-038 4 5 1
N-038 4 5 1
N-038 4 5 1
N-038 4 5 1
N-038 5 2 -1
N-038 5 2 1
N-038 5 2 1
N-038 5 2 0
N-038 5 2 -1
N-038 5 3 1
N-038 5 3 -1
N-038 5 3 1
N-038 5 3 1
N-039 1 2 -1
N-039 1 2 -1
N-039 1 2 -2
N-039 1 5 -1
N-039 1 5 -2
N-039 1 5 -1
N-039 2 3 1
N-039 2 3 2
N-039 2 3 -2
N-039 2 3 1
N-039 2 4 1
N-039 2 4 1
N-039 2 4 0
N-039 2 4 0
N-039 2 4 1
N-039 3 1 0
N-039 3 1 1
N-039 3 1 0
N-039 3 1 0
N-039 4 1 1
N-039 4 1 2
N-039 4 1 1
N-039 4 3 0
N-039 4 3 1
N-039 4 3 0
N-039 4 3 0
N-039 4 3 0
N-039 4 3 1
N-039 4 5 0
N-039 4 5 0
N-039 4 5 -1
N-039 4 5 0
N-039 5 2 -2
N-039 5 2 -1
N-039 5 2 0
N-039 5 2 0
N-039 5 2 -1
N-039 5 3 1
N-039 5 3 1
N-039 5 3 0
N-039 5 3 1
N-040 1 2 -2
N-040 1 2 -1
N-040 1 2 -1
N-040 1 5 -1
N-040 1 5 -1
N-040 1 5 -2
N-040 1 5 1
N-040 2 3 0
N-040 2 3 -1
N-040 2 3 2
N-040 2 3 1
N-040 2 4 0
N-040 2 4 -1
N-040 2 4 0
N-040 2 4 0
N-040 2 4 0
N-040 2 4 -1
N-040 3 1 0
N-040 3 1 1
N-040 3 1 -1
N-040 3 1 0
N-040 4 1 1
N-040 4 1 1
N-040 4 1 0
N-040 4 1 0
N-040 4 1 1
N-040 4 3 1
N-040 4 3 1
N-040 4 3 1
N-040 4 3 1
N-040 4 5 0
N-040 4 5 1
N-040 4 5 0
N-040 5 2 -1
N-040 5 2 1
N-040 5 2 -2
N-040 5 2 0
N-040 5 3 1
N-040 5 3 1
N-040 5 3 1
N-040 5 3 1
N-041 1 2 2
N-041 1 2 -2
N-041 1 2 -2
N-041 1 5 2
N-041 1 5 -1
N-041 1 5 -1
N-041 2 3 -2
N-041 2 3 1
N-041 2 3 1
N-041 2 4 -1
N-041 2 4 0
N-041 2 4 -1
N-041 3 1 2
N-041 3 1 1
N-041 3 1 0
N-041 4 1 0
N-041 4 1 1
N-041 4 1 1
N-041 4 3 1
N-041 4 3 1
N-041 4 3 1
N-041 4 5 2
N-041 4 5 1
N-041 4 5 1
N-041 5 2 -1
N-041 5 2 -1
N-041 5 2 -1
N-041 5 3 -2
N-041 5 3 -1
N-041 5 3 1
N-042 1 2 -2
N-042 1 2 -1
N-042 1 2 -1
N-042 1 5 -1
N-042 1 5 -1
N-042 1 5 -1
N-042 2 3 1
N-042 2 3 1
N-042 2 3 -1
N-042 2 4 2
N-042 2 4 1
N-042 2 4 2
N-042 3 1 0
N-042 3 1 0
N-042 3 1 -1
N-042 4 1 -1
N-042 4 1 0
N-042 4 1 0
N-042 4 3 -1
N-042 4 3 1
N-042 4 3 1
N-042 4 5 2
N-042 4 5 -1
N-042 4 5 -1
N-042 5 2 -2
N-042 5 2 -1
N-042 5 2 -1
N-042 5 3 0
N-042 5 3 1
N-042 5 3 1
N-043 1 2 1
N-043 1 2 -1
N-043 1 2 -2
N-043 1 5 1
N-043 1 5 -1
N-043 1 5 -1
N-043 2 3 -1
N-043 2 3 1
N-043 2 3 1
N-043 2 4 -2
N-043 2 4 0
N-043 2 4 1
N-043 3 1 -1
N-043 3 1 0
N-043 3 1 0
N-043 4 1 2
N-043 4 1 1
N-043 4 1 1
N-043 4 3 2
N-043 4 3 1
N-043 4 3 1
N-043 4 5 2
N-043 4 5 0
N-043 4 5 1
N-043 5 2 1
N-043 5 2 -1
N-043 5 2 -1
N-043 5 3 -2
N-043 5 3 1
N-043 5 3 1
N-044 1 2 1
N-044 1 2 -1
N-044 1 2 -2
N-044 1 5 1
N-044 1 5 -1
N-044 1 5 -1
N-044 2 3 -1
N-044 2 3 1
N-044 2 3 1
N-044 2 4 -2
N-044 2 4 1
N-044 2 4 1
N-044 3 1 -2
N-044 3 1 0
N-044 3 1 0
N-044 4 1 2
N-044 4 1 1
N-044 4 1 1
N-044 4 3 2
N-044 4 3 1
N-044 4 3 1
N-044 4 5 2
N-044 4 5 -1
N-044 4 5 1
N-044 5 2 1
N-044 5 2 0
N-044 5 2 -1
N-044 5 3 -2
N-044 5 3 1
N-044 5 3 1
N-045 1 2 2
N-045 1 2 -1
N-045 1 2 -1
N-045 1 5 2
N-045 1 5 -1
N-045 1 5 -2
N-045 2 3 -1
N-045 2 3 -1
N-045 2 3 2
N-045 2 4 -2
N-045 2 4 -1
N-045 2 4 -1
N-045 3 1 0
N-045 3 1 -1
N-045 3 1 1
N-045 4 1 1
N-045 4 1 1
N-045 4 1 1
N-045 4 3 1
N-045 4 3 1
N-045 4 3 2
N-045 4 5 2
N-045 4 5 1
N-045 4 5 1
N-045 5 2 0
N-045 5 2 1
N-045 5 2 1
N-045 5 3 -1
N-045 5 3 -1
N-045 5 3 1
N-046 1 2 1
N-046 1 2 -1
N-046 1 2 -2
N-046 1 5 1
N-046 1 5 -1
N-046 1 5 -2
N-046 2 3 -1
N-046 2 3 1
N-046 2 3 2
N-046 2 4 -2
N-046 2 4 1
N-046 2 4 1
N-046 3 1 0
N-046 3 1 0
N-046 3 1 1
N-046 4 1 2
N-046 4 1 1
N-046 4 1 1
N-046 4 3 1
N-046 4 3 1
N-046 4 3 0
N-046 4 5 0
N-046 4 5 -1
N-046 4 5 -1
N-046 5 2 0
N-046 5 2 -2
N-046 5 2 0
N-046 5 3 -2
N-046 5 3 1
N-046 5 3 2
N-047 1 2 2
N-047 1 2 -1
N-047 1 2 -2
N-047 1 5 1
N-047 1 5 1
N-047 1 5 0
N-047 2 3 -1
N-047 2 3 -1
N-047 2 3 1
N-047 2 4 -1
N-047 2 4 -1
N-047 2 4 0
N-047 3 1 -2
N-047 3 1 1
N-047 3 1 0
N-047 4 1 -1
N-047 4 1 1
N-047 4 1 1
N-047 4 3 2
N-047 4 3 1
N-047 4 3 1
N-047 4 5 1
N-047 4 5 1
N-047 4 5 0
N-047 5 2 -1
N-047 5 2 1
N-047 5 2 -1
N-047 5 3 -1
N-047 5 3 1
N-047 5 3 1
N-048 1 2 -1
N-048 1 2 -1
N-048 1 2 -2
N-048 1 5 1
N-048 1 5 -1
N-048 1 5 -1
N-048 2 3 -1
N-048 2 3 1
N-048 2 3 1
N-048 2 4 -1
N-048 2 4 1
N-048 2 4 1
N-048 3 1 -1
N-048 3 1 1
N-048 3 1 1
N-048 4 1 1
N-048 4 1 1
N-048 4 1 1
N-048 4 3 1
N-048 4 3 1
N-048 4 3 0
N-048 4 5 1
N-048 4 5 -1
N-048 4 5 -1
N-048 5 2 0
N-048 5 2 -1
N-048 5 2 -1
N-048 5 3 -1
N-048 5 3 1
N-048 5 3 1
N-049 1 2 2
N-049 1 2 2
N-049 1 2 -1
N-049 1 5 1
N-049 1 5 -2
N-049 1 5 0
N-049 2 3 -2
N-049 2 3 -1
N-049 2 3 1
N-049 2 4 -1
N-049 2 4 -2
N-049 2 4 0
N-049 3 1 -2
N-049 3 1 1
N-049 3 1 -1
N-049 4 1 -1
N-049 4 1 2
N-049 4 1 2
N-049 4 3 2
N-049 4 3 2
N-049 4 3 1
N-049 4 5 2
N-049 4 5 2
N-049 4 5 1
N-049 5 2 0
N-049 5 2 -1
N-049 5 2 -1
N-049 5 3 -2
N-049 5 3 -1
N-049 5 3 1
N-050 1 2 -2
N-050 1 2 0
N-050 1 2 -2
N-050 1 5 1
N-050 1 5 1
N-050 1 5 -2
N-050 2 3 -1
N-050 2 3 -1
N-050 2 3 1
N-050 2 4 0
N-050 2 4 0
N-050 2 4 0
N-050 3 1 1
N-050 3 1 1
N-050 3 1 1
N-050 4 1 1
N-050 4 1 -1
N-050 4 1 2
N-050 4 3 1
N-050 4 3 -1
N-050 4 3 2
N-050 4 5 1
N-050 4 5 0
N-050 4 5 1
N-050 5 2 0
N-050 5 2 0
N-050 5 2 -1
N-050 5 3 -1
N-050 5 3 0
N-050 5 3 1
N-051 1 2 1
N-051 1 2 -2
N-051 1 2 -2
N-051 1 5 2
N-051 1 5 0
N-051 1 5 -1
N-051 2 3 -1
N-051 2 3 -1
N-051 2 3 1
N-051 2 4 -1
N-051 2 4 -2
N-051 2 4 0
N-051 3 1 -1
N-051 3 1 2
N-051 3 1 1
N-051 4 1 -1
N-051 4 1 2
N-051 4 1 1
N-051 4 3 1
N-051 4 3 1
N-051 4 3 1
N-051 4 5 2
N-051 4 5 1
N-051 4 5 -1
N-051 5 2 -1
N-051 5 2 -2
N-051 5 2 1
N-051 5 3 -2
N-051 5 3 -1
N-051 5 3 1
N-052 1 2 1
N-052 1 2 2
N-052 1 2 -2
N-052 1 5 -1
N-052 1 5 1
N-052 1 5 -2
N-052 2 3 -1
N-052 2 3 -2
N-052 2 3 1
N-052 2 4 -1
N-052 2 4 -2
N-052 2 4 -1
N-052 3 1 1
N-052 3 1 2
N-052 3 1 1
N-052 4 1 1
N-052 4 1 2
N-052 4 1 1
N-052 4 3 1
N-052 4 3 -1
N-052 4 3 2
N-052 4 5 0
N-052 4 5 2
N-052 4 5 1
N-052 5 2 1
N-052 5 2 1
N-052 5 2 1
N-052 5 3 2
N-052 5 3 -2
N-052 5 3 1
N-053 1 2 1
N-053 1 2 -1
N-053 1 5 -2
N-053 1 5 -1
N-053 2 3 1
N-053 2 3 1
N-053 2 4 0
N-053 2 4 -1
N-053 3 1 0
N-053 3 1 0
N-053 4 1 1
N-053 4 1 1
N-053 4 3 2
N-053 4 3 1
N-053 4 5 0
N-053 4 5 1
N-053 5 2 1
N-053 5 2 0
N-053 5 3 0
N-053 5 3 1
N-054 1 2 -1
N-054 1 2 -1
N-054 1 5 -1
N-054 1 5 -1
N-054 2 3 0
N-054 2 3 1
N-054 2 4 0
N-054 2 4 1
N-054 3 1 1
N-054 3 1 1
N-054 4 1 0
N-054 4 1 0
N-054 4 3 -1
N-054 4 3 -1
N-054 4 5 -1
N-054 4 5 -1
N-054 5 2 -1
N-054 5 2 -1
N-054 5 3 0
N-054 5 3 1
N-055 1 2 -2
N-055 1 2 -2
N-055 1 5 -1
N-055 1 5 -1
N-055 2 3 1
N-055 2 3 1
N-055 2 4 0
N-055 2 4 1
N-055 3 1 0
N-055 3 1 1
N-055 4 1 1
N-055 4 1 1
N-055 4 3 0
N-055 4 3 1
N-055 4 5 -1
N-055 4 5 -1
N-055 5 2 0
N-055 5 2 -1
N-055 5 3 1
N-055 5 3 1
N-056 1 2 -1
N-056 1 2 -1
N-056 1 5 -1
N-056 1 5 -1
N-056 2 3 1
N-056 2 3 1
N-056 2 4 1
N-056 2 4 -1
N-056 3 1 0
N-056 3 1 1
N-056 4 1 1
N-056 4 1 1
N-056 4 3 0
N-056 4 3 1
N-056 4 5 1
N-056 4 5 1
N-056 5 2 0
N-056 5 2 1
N-056 5 3 1
N-056 5 3 1
N-057 1 2 0
N-057 1 2 -1
N-057 1 2 1
N-057 1 5 -1
N-057 1 5 -1
N-057 1 5 0
N-057 2 3 1
N-057 2 3 1
N-057 2 3 -1
N-057 2 4 1
N-057 2 4 0
N-057 2 4 -2
N-057 3 1 1
N-057 3 1 0
N-057 3 1 -1
N-057 4 1 2
N-057 4 1 1
N-057 4 1 2
N-057 4 3 0
N-057 4 3 0
N-057 4 3 -1
N-057 4 5 0
N-057 4 5 0
N-057 4 5 2
N-057 5 2 0
N-057 5 2 0
N-057 5 2 -1
N-057 5 3 1
N-057 5 3 1
N-057 5 3 -1
N-058 1 2 -1
N-058 1 2 -1
N-058 1 2 -2
N-058 1 5 -1
N-058 1 5 -1
N-058 1 5 2
N-058 2 3 1
N-058 2 3 1
N-058 2 3 1
N-058 2 4 1
N-058 2 4 0
N-058 2 4 0
N-058 3 1 -1
N-058 3 1 0
N-058 3 1 -2
N-058 4 1 0
N-058 4 1 0
N-058 4 1 -1
N-058 4 3 1
N-058 4 3 1
N-058 4 3 2
N-058 4 5 0
N-058 4 5 -1
N-058 4 5 1
N-058 5 2 -1
N-058 5 2 1
N-058 5 2 -1
N-058 5 3 1
N-058 5 3 1
N-058 5 3 2
N-059 1 2 -2
N-059 1 2 -1
N-059 1 2 -1
N-059 1 5 -2
N-059 1 5 -1
N-059 1 5 0
N-059 2 3 1
N-059 2 3 1
N-059 2 3 2
N-059 2 4 0
N-059 2 4 0
N-059 2 4 -2
N-059 3 1 0
N-059 3 1 0
N-059 3 1 0
N-059 4 1 2
N-059 4 1 1
N-059 4 1 2
N-059 4 3 1
N-059 4 3 2
N-059 4 3 2
N-059 4 5 1
N-059 4 5 1
N-059 4 5 2
N-059 5 2 -1
N-059 5 2 0
N-059 5 2 -2
N-059 5 3 1
N-059 5 3 1
N-059 5 3 0
N-060 1 2 -1
N-060 1 2 -1
N-060 1 2 -2
N-060 1 5 -1
N-060 1 5 -1
N-060 1 5 0
N-060 2 3 1
N-060 2 3 1
N-060 2 3 1
N-060 2 4 1
N-060 2 4 1
N-060 2 4 1
N-060 3 1 0
N-060 3 1 -1
N-060 3 1 0
N-060 4 1 0
N-060 4 1 0
N-060 4 1 0
N-060 4 3 1
N-060 4 3 0
N-060 4 3 0
N-060 4 5 0
N-060 4 5 0
N-060 4 5 0
N-060 5 2 -1
N-060 5 2 -1
N-060 5 2 1
N-060 5 3 0
N-060 5 3 1
N-060 5 3 0
N-061 1 2 -1
N-061 1 2 -1
N-061 1 2 1
N-061 1 2 2
N-061 1 5 1
N-061 1 5 1
N-061 1 5 1
N-061 2 3 1
N-061 2 3 1
N-061 2 3 1
N-061 2 3 2
N-061 2 4 0
N-061 2 4 1
N-061 2 4 0
N-061 2 4 -1
N-061 3 1 -1
N-061 3 1 -1
N-061 3 1 -1
N-061 3 1 -1
N-061 4 1 1
N-061 4 1 1
N-061 4 1 2
N-061 4 1 2
N-061 4 3 1
N-061 4 3 1
N-061 4 3 1
N-061 4 3 1
N-061 4 3 1
N-061 4 5 1
N-061 4 5 1
N-061 4 5 0
N-061 4 5 2
N-061 5 2 -1
N-061 5 2 -2
N-061 5 2 0
N-061 5 2 0
N-061 5 3 1
N-061 5 3 1
N-061 5 3 -1
N-061 5 3 -1
N-062 1 2 -1
N-062 1 2 -2
N-062 1 2 -1
N-062 1 2 0
N-062 1 5 -1
N-062 1 5 -1
N-062 1 5 0
N-062 1 5 0
N-062 2 3 1
N-062 2 3 2
N-062 2 3 1
N-062 2 3 0
N-062 2 4 1
N-062 2 4 2
N-062 2 4 0
N-062 2 4 0
N-062 3 1 0
N-062 3 1 1
N-062 3 1 0
N-062 3 1 0
N-062 4 1 0
N-062 4 1 0
N-062 4 1 0
N-062 4 1 0
N-062 4 3 0
N-062 4 3 -1
N-062 4 3 0
N-062 4 3 0
N-062 4 5 0
N-062 4 5 -1
N-062 4 5 0
N-062 4 5 0
N-062 5 2 -1
N-062 5 2 -1
N-062 5 2 0
N-062 5 2 0
N-062 5 3 1
N-062 5 3 1
N-062 5 3 0
N-062 5 3 0
N-063 1 2 -1
N-063 1 2 -1
N-063 1 2 -1
N-063 1 2 1
N-063 1 5 -1
N-063 1 5 -1
N-063 1 5 -1
N-063 1 5 0
N-063 2 3 1
N-063 2 3 2
N-063 2 3 2
N-063 2 3 1
N-063 2 3 -2
N-063 2 4 1
N-063 2 4 2
N-063 2 4 0
N-063 2 4 0
N-063 3 1 1
N-063 3 1 0
N-063 3 1 1
N-063 4 1 0
N-063 4 1 1
N-063 4 1 0
N-063 4 1 0
N-063 4 3 0
N-063 4 3 1
N-063 4 3 0
N-063 4 3 -1
N-063 4 5 -1
N-063 4 5 -1
N-063 4 5 0
N-063 4 5 1
N-063 5 2 -1
N-063 5 2 -1
N-063 5 2 -1
N-063 5 2 0
N-063 5 3 1
N-063 5 3 1
N-063 5 3 0
N-063 5 3 -2
N-064 1 2 -1
N-064 1 2 -2
N-064 1 2 -1
N-064 1 2 -2
N-064 1 5 1
N-064 1 5 -1
N-064 1 5 0
N-064 1 5 1
N-064 2 3 1
N-064 2 3 2
N-064 2 3 1
N-064 2 3 1
N-064 2 4 0
N-064 2 4 0
N-064 2 4 0
N-064 2 4 1
N-064 3 1 -1
N-064 3 1 0
N-064 3 1 -1
N-064 3 1 -1
N-064 4 1 0
N-064 4 1 1
N-064 4 1 0
N-064 4 1 -1
N-064 4 3 1
N-064 4 3 2
N-064 4 3 1
N-064 4 3 1
N-064 4 5 1
N-064 4 5 2
N-064 4 5 0
N-064 4 5 1
N-064 5 2 -1
N-064 5 2 -1
N-064 5 2 0
N-064 5 2 -1
N-064 5 3 0
N-064 5 3 1
N-064 5 3 -1
N-064 5 3 1
N-065 1 2 -1
N-065 1 2 -2
N-065 1 2 -2
N-065 1 5 0
N-065 1 5 0
N-065 1 5 0
N-065 2 3 1
N-065 2 3 0
N-065 2 3 1
N-065 2 4 0
N-065 2 4 1
N-065 2 4 1
N-065 3 1 -1
N-065 3 1 -1
N-065 3 1 0
N-065 4 1 0
N-065 4 1 1
N-065 4 1 0
N-065 4 3 1
N-065 4 3 2
N-065 4 3 0
N-065 4 5 0
N-065 4 5 2
N-065 4 5 -1
N-065 5 2 -1
N-065 5 2 -2
N-065 5 2 -2
N-065 5 3 1
N-065 5 3 1
N-065 5 3 1
N-066 1 2 -1
N-066 1 2 2
N-066 1 2 1
N-066 1 5 -1
N-066 1 5 1
N-066 1 5 1
N-066 2 3 1
N-066 2 3 -2
N-066 2 3 -1
N-066 2 4 0
N-066 2 4 -2
N-066 2 4 -1
N-066 3 1 0
N-066 3 1 1
N-066 3 1 1
N-066 4 1 1
N-066 4 1 2
N-066 4 1 1
N-066 4 3 1
N-066 4 3 -1
N-066 4 3 -1
N-066 4 5 1
N-066 4 5 2
N-066 4 5 1
N-066 5 2 0
N-066 5 2 1
N-066 5 2 0
N-066 5 3 1
N-066 5 3 -2
N-066 5 3 -1
N-067 1 2 -1
N-067 1 2 -1
N-067 1 2 -1
N-067 1 5 -1
N-067 1 5 1
N-067 1 5 -1
N-067 2 3 1
N-067 2 3 -2
N-067 2 3 -1
N-067 2 4 0
N-067 2 4 -2
N-067 2 4 -1
N-067 3 1 0
N-067 3 1 2
N-067 3 1 1
N-067 4 1 1
N-067 4 1 1
N-067 4 1 -1
N-067 4 3 1
N-067 4 3 2
N-067 4 3 -1
N-067 4 5 0
N-067 4 5 2
N-067 4 5 -1
N-067 5 2 -1
N-067 5 2 -2
N-067 5 2 -1
N-067 5 3 1
N-067 5 3 -1
N-067 5 3 -2
N-068 1 2 -1
N-068 1 2 -2
N-068 1 2 -1
N-068 1 5 -1
N-068 1 5 1
N-068 1 5 0
N-068 2 3 1
N-068 2 3 -1
N-068 2 3 -1
N-068 2 4 0
N-068 2 4 -1
N-068 2 4 -2
N-068 3 1 0
N-068 3 1 1
N-068 3 1 1
N-068 4 1 1
N-068 4 1 2
N-068 4 1 1
N-068 4 3 1
N-068 4 3 2
N-068 4 3 1
N-068 4 5 1
N-068 4 5 2
N-068 4 5 1
N-068 5 2 -1
N-068 5 2 -2
N-068 5 2 -1
N-068 5 3 1
N-068 5 3 -2
N-068 5 3 -2
N-069 1 2 -2
N-069 1 2 2
N-069 1 5 1
N-069 1 5 2
N-069 2 3 1
N-069 2 3 -2
N-069 2 4 -1
N-069 2 4 -2
N-069 3 1 1
N-069 3 1 1
N-069 4 1 1
N-069 4 1 -1
N-069 4 3 1
N-069 4 3 -1
N-069 4 5 0
N-069 4 5 1
N-069 5 2 0
N-069 5 2 1
N-069 5 3 1
N-069 5 3 -2
N-070 1 2 -2
N-070 1 2 -2
N-070 1 5 0
N-070 1 5 1
N-070 2 3 0
N-070 2 3 -1
N-070 2 4 2
N-070 2 4 -2
N-070 3 1 0
N-070 3 1 1
N-070 4 1 1
N-070 4 1 2
N-070 4 3 1
N-070 4 3 2
N-070 4 5 1
N-070 4 5 2
N-070 5 2 -1
N-070 5 2 -1
N-070 5 3 0
N-070 5 3 -2
N-071 1 2 -1
N-071 1 2 1
N-071 1 5 0
N-071 1 5 1
N-071 2 3 -1
N-071 2 3 -2
N-071 2 4 1
N-071 2 4 -2
N-071 3 1 1
N-071 3 1 2
N-071 4 1 0
N-071 4 1 2
N-071 4 3 0
N-071 4 3 2
N-071 4 5 -1
N-071 4 5 2
N-071 5 2 -1
N-071 5 2 0
N-071 5 3 0
N-071 5 3 -1
N-072 1 2 -2
N-072 1 2 2
N-072 1 5 0
N-072 1 5 -2
N-072 2 3 -1
N-072 2 3 -2
N-072 2 4 -1
N-072 2 4 -2
N-072 3 1 -1
N-072 3 1 0
N-072 4 1 -1
N-072 4 1 -2
N-072 4 3 1
N-072 4 3 2
N-072 4 5 1
N-072 4 5 2
N-072 5 2 1
N-072 5 2 0
N-072 5 3 1
N-072 5 3 2
N-073 1 2 -1
N-073 1 2 2
N-073 1 5 -1
N-073 1 5 1
N-073 2 3 1
N-073 2 3 -1
N-073 2 4 -1
N-073 2 4 -2
N-073 3 1 -1
N-073 3 1 -2
N-073 4 1 1
N-073 4 1 1
N-073 4 3 1
N-073 4 3 2
N-073 4 5 1
N-073 4 5 2
N-073 5 2 -1
N-073 5 2 0
N-073 5 3 0
N-073 5 3 0
N-074 1 2 -1
N-074 1 2 2
N-074 1 5 1
N-074 1 5 2
N-074 2 3 -1
N-074 2 3 -1
N-074 2 4 -1
N-074 2 4 -2
N-074 3 1 -1
N-074 3 1 0
N-074 4 1 1
N-074 4 1 0
N-074 4 3 1
N-074 4 3 1
N-074 4 5 1
N-074 4 5 2
N-074 5 2 -1
N-074 5 2 1
N-074 5 3 -1
N-074 5 3 -1
N-075 1 2 -1
N-075 1 2 -2
N-075 1 5 -1
N-075 1 5 -1
N-075 2 3 -1
N-075 2 3 0
N-075 2 4 -1
N-075 2 4 -2
N-075 3 1 0
N-075 3 1 0
N-075 4 1 1
N-075 4 1 2
N-075 4 3 1
N-075 4 3 2
N-075 4 5 -1
N-075 4 5 2
N-075 5 2 1
N-075 5 2 -1
N-075 5 3 1
N-075 5 3 1
N-076 1 2 -1
N-076 1 2 -2
N-076 1 5 -1
N-076 1 5 1
N-076 2 3 -1
N-076 2 3 -1
N-076 2 4 -1
N-076 2 4 -2
N-076 3 1 0
N-076 3 1 1
N-076 4 1 1
N-076 4 1 1
N-076 4 3 1
N-076 4 3 2
N-076 4 5 1
N-076 4 5 -2
N-076 5 2 1
N-076 5 2 0
N-076 5 3 1
N-076 5 3 -1
N-077 1 2 -1
N-077 1 5 -1
N-077 2 3 1
N-077 2 4 -1
N-077 3 1 -1
N-077 4 1 1
N-077 4 3 1
N-077 4 5 1
N-077 5 2 -1
N-077 5 3 -1
N-078 1 2 -1
N-078 1 5 -1
N-078 2 3 1
N-078 2 4 -1
N-078 3 1 0
N-078 4 1 1
N-078 4 3 0
N-078 4 5 -1
N-078 5 2 -1
N-078 5 3 1
N-079 1 2 -1
N-079 1 5 1
N-079 2 3 1
N-079 2 4 -1
N-079 3 1 -1
N-079 4 1 1
N-079 4 3 1
N-079 4 5 1
N-079 5 2 -1
N-079 5 3 1
N-080 1 2 1
N-080 1 5 1
N-080 2 3 -1
N-080 2 4 -1
N-080 3 1 -2
N-080 4 1 2
N-080 4 3 1
N-080 4 5 1
N-080 5 2 0
N-080 5 3 -1
N-081 1 2 -1
N-081 1 5 0
N-081 2 3 2
N-081 2 4 0
N-081 3 1 0
N-081 4 1 0
N-081 4 3 0
N-081 4 5 0
N-081 5 2 -2
N-081 5 3 0
N-082 1 2 -1
N-082 1 5 -1
N-082 2 3 1
N-082 2 4 0
N-082 3 1 0
N-082 4 1 0
N-082 4 3 0
N-082 4 5 0
N-082 5 2 -1
N-082 5 3 0
N-083 1 2 -2
N-083 1 5 1
N-083 2 3 0
N-083 2 4 0
N-083 3 1 1
N-083 4 1 -1
N-083 4 3 1
N-083 4 5 1
N-083 5 2 0
N-083 5 3 2
N-084 1 2 -1
N-084 1 5 -1
N-084 2 3 0
N-084 2 4 1
N-084 3 1 0
N-084 4 1 1
N-084 4 3 0
N-084 4 5 1
N-084 5 2 -1
N-084 5 3 0
N-085 1 2 -2
N-085 1 2 1
N-085 1 5 -1
N-085 1 5 2
N-085 2 3 1
N-085 2 3 -1
N-085 2 4 -1
N-085 2 4 0
N-085 3 1 2
N-085 3 1 -2
N-085 4 1 1
N-085 4 1 -2
N-085 4 3 -2
N-085 4 3 0
N-085 4 5 1
N-085 4 5 2
N-085 5 2 -1
N-085 5 2 0
N-085 5 3 -2
N-085 5 3 -1
N-086 1 2 -1
N-086 1 2 -2
N-086 1 5 -1
N-086 1 5 -1
N-086 2 3 -1
N-086 2 3 2
N-086 2 4 -1
N-086 2 4 -2
N-086 3 1 1
N-086 3 1 0
N-086 4 1 0
N-086 4 1 2
N-086 4 3 -1
N-086 4 3 0
N-086 4 5 -1
N-086 4 5 -1
N-086 5 2 0
N-086 5 2 -1
N-086 5 3 -1
N-086 5 3 1
N-087 1 2 1
N-087 1 2 1
N-087 1 5 1
N-087 1 5 2
N-087 2 3 -1
N-087 2 3 2
N-087 2 4 -1
N-087 2 4 2
N-087 3 1 -1
N-087 3 1 -2
N-087 4 1 1
N-087 4 1 -2
N-087 4 3 1
N-087 4 3 2
N-087 4 5 1
N-087 4 5 2
N-087 5 2 -1
N-087 5 2 -2
N-087 5 3 -1
N-087 5 3 2
N-088 1 2 -2
N-088 1 2 -2
N-088 1 5 -1
N-088 1 5 0
N-088 2 3 -1
N-088 2 3 0
N-088 2 4 2
N-088 2 4 2
N-088 3 1 1
N-088 3 1 0
N-088 4 1 1
N-088 4 1 0
N-088 4 3 1
N-088 4 3 0
N-088 4 5 0
N-088 4 5 1
N-088 5 2 1
N-088 5 2 -2
N-088 5 3 2
N-088 5 3 0
N-089 1 2 -1
N-089 1 2 1
N-089 1 2 -2
N-089 1 2 -2
N-089 1 5 -1
N-089 1 5 0
N-089 1 5 -1
N-089 1 5 0
N-089 2 3 1
N-089 2 3 2
N-089 2 3 2
N-089 2 3 2
N-089 2 4 1
N-089 2 4 -2
N-089 2 4 0
N-089 2 4 2
N-089 3 1 0
N-089 3 1 0
N-089 3 1 0
N-089 3 1 0
N-089 4 1 0
N-089 4 1 2
N-089 4 1 1
N-089 4 1 1
N-089 4 3 0
N-089 4 3 2
N-089 4 3 -1
N-089 4 3 0
N-089 4 5 -1
N-089 4 5 1
N-089 4 5 1
N-089 4 5 -2
N-089 5 2 -2
N-089 5 2 -2
N-089 5 2 -1
N-089 5 2 -1
N-089 5 3 0
N-089 5 3 1
N-089 5 3 -2
N-089 5 3 0
N-090 1 2 -1
N-090 1 2 -2
N-090 1 2 1
N-090 1 2 0
N-090 1 5 0
N-090 1 5 -1
N-090 1 5 0
N-090 1 5 0
N-090 2 3 1
N-090 2 3 1
N-090 2 3 0
N-090 2 3 2
N-090 2 4 2
N-090 2 4 -2
N-090 2 4 -1
N-090 2 4 2
N-090 3 1 0
N-090 3 1 1
N-090 3 1 1
N-090 3 1 -2
N-090 4 1 2
N-090 4 1 2
N-090 4 1 -1
N-090 4 1 0
N-090 4 3 2
N-090 4 3 1
N-090 4 3 1
N-090 4 3 2
N-090 4 5 -2
N-090 4 5 1
N-090 4 5 2
N-090 4 5 2
N-090 5 2 -2
N-090 5 2 -1
N-090 5 2 0
N-090 5 2 -2
N-090 5 3 1
N-090 5 3 -1
N-090 5 3 1
N-090 5 3 2
N-091 1 2 -2
N-091 1 2 -2
N-091 1 2 -2
N-091 1 2 -2
N-091 1 5 -2
N-091 1 5 -1
N-091 1 5 -2
N-091 1 5 -1
N-091 2 3 2
N-091 2 3 2
N-091 2 3 1
N-091 2 3 1
N-091 2 4 -2
N-091 2 4 0
N-091 2 4 0
N-091 2 4 -1
N-091 3 1 0
N-091 3 1 1
N-091 3 1 2
N-091 3 1 0
N-091 4 1 2
N-091 4 1 1
N-091 4 1 2
N-091 4 1 1
N-091 4 3 2
N-091 4 3 2
N-091 4 3 -2
N-091 4 3 0
N-091 4 5 0
N-091 4 5 2
N-091 4 5 0
N-091 4 5 -1
N-091 5 2 2
N-091 5 2 -1
N-091 5 2 1
N-091 5 2 0
N-091 5 3 0
N-091 5 3 2
N-091 5 3 2
N-091 5 3 0
N-092 1 2 -2
N-092 1 2 -2
N-092 1 2 -1
N-092 1 2 -2
N-092 1 5 0
N-092 1 5 -2
N-092 1 5 1
N-092 1 5 0
N-092 2 3 0
N-092 2 3 2
N-092 2 3 -1
N-092 2 3 2
N-092 2 4 -2
N-092 2 4 0
N-092 2 4 1
N-092 2 4 -2
N-092 3 1 0
N-092 3 1 0
N-092 3 1 2
N-092 3 1 0
N-092 4 1 1
N-092 4 1 2
N-092 4 1 1
N-092 4 1 2
N-092 4 3 0
N-092 4 3 2
N-092 4 3 -1
N-092 4 3 0
N-092 4 5 0
N-092 4 5 1
N-092 4 5 2
N-092 4 5 -2
N-092 5 2 -1
N-092 5 2 -1
N-092 5 2 0
N-092 5 2 -1
N-092 5 3 0
N-092 5 3 0
N-092 5 3 -2
N-092 5 3 2
N-093 1 2 -1
N-093 1 2 -2
N-093 1 2 -1
N-093 1 5 1
N-093 1 5 -1
N-093 1 5 -1
N-093 2 3 1
N-093 2 3 0
N-093 2 3 1
N-093 2 4 -1
N-093 2 4 -1
N-093 2 4 1
N-093 3 1 -1
N-093 3 1 -1
N-093 3 1 0
N-093 4 1 -1
N-093 4 1 1
N-093 4 1 1
N-093 4 3 1
N-093 4 3 -1
N-093 4 3 1
N-093 4 5 1
N-093 4 5 2
N-093 4 5 1
N-093 5 2 1
N-093 5 2 0
N-093 5 2 -1
N-093 5 3 -1
N-093 5 3 1
N-093 5 3 1
N-094 1 2 1
N-094 1 2 2
N-094 1 2 -1
N-094 1 5 1
N-094 1 5 2
N-094 1 5 0
N-094 2 3 -1
N-094 2 3 -1
N-094 2 3 2
N-094 2 4 -1
N-094 2 4 0
N-094 2 4 2
N-094 3 1 -1
N-094 3 1 0
N-094 3 1 0
N-094 4 1 -1
N-094 4 1 0
N-094 4 1 2
N-094 4 3 -1
N-094 4 3 1
N-094 4 3 2
N-094 4 5 1
N-094 4 5 2
N-094 4 5 2
N-094 5 2 1
N-094 5 2 -1
N-094 5 2 -2
N-094 5 3 -1
N-094 5 3 -2
N-094 5 3 1
N-095 1 2 1
N-095 1 2 0
N-095 1 2 -1
N-095 1 5 1
N-095 1 5 1
N-095 1 5 2
N-095 2 3 1
N-095 2 3 -1
N-095 2 3 -1
N-095 2 3 2
N-095 2 4 -1
N-095 2 4 -1
N-095 2 4 0
N-095 3 1 -1
N-095 3 1 0
N-095 4 1 1
N-095 4 1 0
N-095 4 1 0
N-095 4 3 1
N-095 4 3 -1
N-095 4 3 1
N-095 4 5 -1
N-095 4 5 1
N-095 4 5 1
N-095 5 2 1
N-095 5 2 -1
N-095 5 2 -2
N-095 5 3 1
N-095 5 3 -1
N-095 5 3 0
N-096 1 2 -1
N-096 1 2 2
N-096 1 2 -1
N-096 1 5 -2
N-096 1 5 1
N-096 1 5 0
N-096 2 3 2
N-096 2 3 -2
N-096 2 3 1
N-096 2 4 1
N-096 2 4 1
N-096 2 4 -1
N-096 2 4 -2
N-096 3 1 2
N-096 3 1 1
N-096 3 1 0
N-096 4 1 2
N-096 4 1 2
N-096 4 3 1
N-096 4 3 1
N-096 4 3 1
N-096 4 5 1
N-096 4 5 2
N-096 4 5 2
N-096 5 2 -1
N-096 5 2 -1
N-096 5 2 -1
N-096 5 2 -1
N-096 5 3 -1
N-096 5 3 -1
N-096 5 3 0
N-097 1 2 -1
N-097 1 5 1
N-097 2 3 1
N-097 2 4 0
N-097 3 1 -1
N-097 4 1 1
N-097 4 3 0
N-097 4 5 1
N-097 5 2 -1
N-097 5 3 0
N-098 1 2 1
N-098 1 5 1
N-098 2 3 -2
N-098 2 4 -2
N-098 3 1 0
N-098 4 1 1
N-098 4 3 1
N-098 4 5 0
N-098 5 2 0
N-098 5 3 -1
N-099 1 2 1
N-099 1 5 1
N-099 2 3 -1
N-099 2 4 -1
N-099 3 1 -1
N-099 4 1 0
N-099 4 3 0
N-099 4 5 1
N-099 5 2 -1
N-099 5 3 -1
N-100 1 2 -1
N-100 1 5 0
N-100 2 3 -1
N-100 2 4 0
N-100 3 1 0
N-100 4 1 0
N-100 4 3 -1
N-100 4 5 1
N-100 5 2 -1
N-100 5 3 0
W-001 1 2 2
W-001 1 2 1
W-001 1 2 1
W-001 1 5 1
W-001 1 5 -1
W-001 1 5 -1
W-001 2 3 -1
W-001 2 3 1
W-001 2 3 0
W-001 2 4 -1
W-001 2 4 0
W-001 2 4 -1
W-001 3 1 -1
W-001 3 1 -1
W-001 3 1 0
W-001 4 1 -2
W-001 4 1 -1
W-001 4 1 -1
W-001 4 3 -1
W-001 4 3 1
W-001 4 3 -1
W-001 4 5 1
W-001 4 5 -1
W-001 4 5 0
W-001 5 2 1
W-001 5 2 0
W-001 5 2 -1
W-001 5 3 1
W-001 5 3 1
W-001 5 3 1
W-002 1 2 1
W-002 1 2 1
W-002 1 2 1
W-002 1 5 1
W-002 1 5 1
W-002 1 5 1
W-002 2 3 0
W-002 2 3 0
W-002 2 3 1
W-002 2 4 -1
W-002 2 4 -1
W-002 2 4 -1
W-002 3 1 1
W-002 3 1 -1
W-002 3 1 -1
W-002 4 1 1
W-002 4 1 2
W-002 4 1 -1
W-002 4 3 -1
W-002 4 3 1
W-002 4 3 1
W-002 4 5 1
W-002 4 5 1
W-002 4 5 -1
W-002 5 2 0
W-002 5 2 0
W-002 5 2 0
W-002 5 3 1
W-002 5 3 0
W-002 5 3 -1
W-003 1 2 2
W-003 1 2 2
W-003 1 2 1
W-003 1 5 -1
W-003 1 5 0
W-003 1 5 1
W-003 2 3 -1
W-003 2 3 -1
W-003 2 3 -1
W-003 2 4 1
W-003 2 4 -1
W-003 2 4 0
W-003 3 1 -1
W-003 3 1 1
W-003 3 1 -1
W-003 4 1 -1
W-003 4 1 1
W-003 4 1 0
W-003 4 3 -1
W-003 4 3 0
W-003 4 3 1
W-003 4 5 -1
W-003 4 5 0
W-003 4 5 0
W-003 5 2 1
W-003 5 2 0
W-003 5 2 0
W-003 5 3 -1
W-003 5 3 -2
W-003 5 3 1
W-004 1 2 1
W-004 1 2 2
W-004 1 2 1
W-004 1 5 2
W-004 1 5 0
W-004 1 5 0
W-004 2 3 -2
W-004 2 3 -1
W-004 2 3 0
W-004 2 4 1
W-004 2 4 -1
W-004 2 4 1
W-004 3 1 -2
W-004 3 1 -1
W-004 3 1 -1
W-004 4 1 -2
W-004 4 1 1
W-004 4 1 -1
W-004 4 3 2
W-004 4 3 1
W-004 4 3 1
W-004 4 5 -2
W-004 4 5 1
W-004 4 5 -1
W-004 5 2 1
W-004 5 2 1
W-004 5 2 1
W-004 5 3 2
W-004 5 3 1
W-004 5 3 1
W-005 1 2 1
W-005 1 2 2
W-005 1 2 2
W-005 1 5 1
W-005 1 5 1
W-005 1 5 0
W-005 2 3 -2
W-005 2 3 -1
W-005 2 3 -1
W-005 2 4 -2
W-005 2 4 -2
W-005 2 4 -1
W-005 3 1 -1
W-005 3 1 1
W-005 3 1 1
W-005 4 1 -1
W-005 4 1 1
W-005 4 1 1
W-005 4 3 1
W-005 4 3 1
W-005 4 3 1
W-005 4 5 1
W-005 4 5 2
W-005 4 5 -1
W-005 5 2 0
W-005 5 2 1
W-005 5 2 0
W-005 5 3 -1
W-005 5 3 -1
W-005 5 3 2
W-006 1 2 2
W-006 1 2 2
W-006 1 2 1
W-006 1 5 1
W-006 1 5 2
W-006 1 5 1
W-006 2 3 0
W-006 2 3 1
W-006 2 3 1
W-006 2 4 0
W-006 2 4 1
W-006 2 4 1
W-006 3 1 -2
W-006 3 1 -1
W-006 3 1 -2
W-006 4 1 -2
W-006 4 1 -2
W-006 4 1 -2
W-006 4 3 0
W-006 4 3 1
W-006 4 3 1
W-006 4 5 -1
W-006 4 5 -1
W-006 4 5 -1
W-006 5 2 1
W-006 5 2 1
W-006 5 2 0
W-006 5 3 1
W-006 5 3 1
W-006 5 3 2
W-007 1 2 2
W-007 1 2 2
W-007 1 2 2
W-007 1 5 1
W-007 1 5 2
W-007 1 5 1
W-007 2 3 -1
W-007 2 3 -2
W-007 2 3 -1
W-007 2 4 -2
W-007 2 4 -1
W-007 2 4 0
W-007 3 1 2
W-007 3 1 -2
W-007 3 1 -2
W-007 4 1 -2
W-007 4 1 -2
W-007 4 1 -1
W-007 4 3 -2
W-007 4 3 -2
W-007 4 3 -1
W-007 4 5 -1
W-007 4 5 -1
W-007 4 5 1
W-007 5 2 0
W-007 5 2 1
W-007 5 2 1
W-007 5 3 -2
W-007 5 3 -2
W-007 5 3 -2
W-008 1 2 2
W-008 1 2 2
W-008 1 2 2
W-008 1 5 -1
W-008 1 5 1
W-008 1 5 0
W-008 2 3 -1
W-008 2 3 1
W-008 2 3 1
W-008 2 4 1
W-008 2 4 -1
W-008 2 4 1
W-008 3 1 -1
W-008 3 1 -2
W-008 3 1 -2
W-008 4 1 -1
W-008 4 1 -1
W-008 4 1 0
W-008 4 3 -1
W-008 4 3 1
W-008 4 3 1
W-008 4 5 -2
W-008 4 5 1
W-008 4 5 0
W-008 5 2 -1
W-008 5 2 1
W-008 5 2 0
W-008 5 3 -2
W-008 5 3 1
W-008 5 3 1
W-009 1 2 2
W-009 1 2 2
W-009 1 5 1
W-009 1 5 0
W-009 2 3 1
W-009 2 3 0
W-009 2 4 -1
W-009 2 4 0
W-009 3 1 -2
W-009 3 1 -2
W-009 4 1 -1
W-009 4 1 -2
W-009 4 3 1
W-009 4 3 1
W-009 4 5 -1
W-009 4 5 -2
W-009 5 2 1
W-009 5 2 1
W-009 5 3 2
W-009 5 3 2
W-010 1 2 2
W-010 1 2 1
W-010 1 5 1
W-010 1 5 -2
W-010 2 3 1
W-010 2 3 0
W-010 2 4 1
W-010 2 4 -2
W-010 3 1 -2
W-010 3 1 -2
W-010 4 1 -1
W-010 4 1 -2
W-010 4 3 1
W-010 4 3 1
W-010 4 5 -2
W-010 4 5 -2
W-010 5 2 1
W-010 5 2 0
W-010 5 3 2
W-010 5 3 2
W-011 1 2 1
W-011 1 2 2
W-011 1 5 1
W-011 1 5 -2
W-011 2 3 -1
W-011 2 3 0
W-011 2 4 -1
W-011 2 4 -1
W-011 3 1 -1
W-011 3 1 -1
W-011 4 1 1
W-011 4 1 2
W-011 4 3 1
W-011 4 3 1
W-011 4 5 1
W-011 4 5 2
W-011 5 2 1
W-011 5 2 0
W-011 5 3 1
W-011 5 3 1
W-012 1 2 2
W-012 1 2 2
W-012 1 5 1
W-012 1 5 2
W-012 2 3 -1
W-012 2 3 1
W-012 2 4 -1
W-012 2 4 -1
W-012 3 1 -1
W-012 3 1 -2
W-012 4 1 1
W-012 4 1 -1
W-012 4 3 1
W-012 4 3 1
W-012 4 5 1
W-012 4 5 1
W-012 5 2 1
W-012 5 2 0
W-012 5 3 1
W-012 5 3 -2
W-013 1 2 1
W-013 1 2 1
W-013 1 5 1
W-013 1 5 1
W-013 2 3 0
W-013 2 3 -1
W-013 2 4 -1
W-013 2 4 -1
W-013 3 1 -2
W-013 3 1 -1
W-013 4 1 -1
W-013 4 1 -1
W-013 4 3 1
W-013 4 3 1
W-013 4 5 -1
W-013 4 5 -1
W-013 5 2 0
W-013 5 2 1
W-013 5 3 1
W-013 5 3 1
W-014 1 2 2
W-014 1 2 2
W-014 1 5 1
W-014 1 5 1
W-014 2 3 -1
W-014 2 3 -1
W-014 2 4 0
W-014 2 4 1
W-014 3 1 -1
W-014 3 1 -2
W-014 4 1 -1
W-014 4 1 -1
W-014 4 3 0
W-014 4 3 -1
W-014 4 5 -1
W-014 4 5 -1
W-014 5 2 0
W-014 5 2 1
W-014 5 3 1
W-014 5 3 1
W-015 1 2 2
W-015 1 2 2
W-015 1 5 1
W-015 1 5 1
W-015 2 3 0
W-015 2 3 -1
W-015 2 4 -2
W-015 2 4 -1
W-015 3 1 -1
W-015 3 1 -2
W-015 4 1 1
W-015 4 1 1
W-015 4 3 1
W-015 4 3 1
W-015 4 5 2
W-015 4 5 2
W-015 5 2 0
W-015 5 2 1
W-015 5 3 1
W-015 5 3 2
W-016 1 2 2
W-016 1 2 2
W-016 1 5 1
W-016 1 5 1
W-016 2 3 -1
W-016 2 3 -1
W-016 2 4 -2
W-016 2 4 -2
W-016 3 1 -1
W-016 3 1 -1
W-016 4 1 2
W-016 4 1 1
W-016 4 3 2
W-016 4 3 2
W-016 4 5 2
W-016 4 5 2
W-016 5 2 0
W-016 5 2 1
W-016 5 3 2
W-016 5 3 -1
W-017 1 2 -1
W-017 1 2 0
W-017 1 2 2
W-017 1 5 -1
W-017 1 5 0
W-017 1 5 2
W-017 2 3 -1
W-017 2 3 -1
W-017 2 3 -2
W-017 2 4 1
W-017 2 4 0
W-017 2 4 -1
W-017 3 1 0
W-017 3 1 -1
W-017 3 1 -2
W-017 4 1 -1
W-017 4 1 -2
W-017 4 1 -2
W-017 4 3 -1
W-017 4 3 -1
W-017 4 3 -2
W-017 4 5 1
W-017 4 5 -2
W-017 4 5 -2
W-017 5 2 1
W-017 5 2 0
W-017 5 2 2
W-017 5 3 -1
W-017 5 3 0
W-017 5 3 -2
W-018 1 2 1
W-018 1 2 0
W-018 1 2 2
W-018 1 5 0
W-018 1 5 0
W-018 1 5 0
W-018 1 5 0
W-018 1 5 2
W-018 2 3 -1
W-018 2 3 0
W-018 2 3 2
W-018 2 4 0
W-018 2 4 1
W-018 2 4 2
W-018 3 1 -1
W-018 3 1 1
W-018 3 1 -2
W-018 4 1 -1
W-018 4 1 -2
W-018 4 3 -2
W-018 4 3 -1
W-018 4 3 0
W-018 4 5 -2
W-018 4 5 -2
W-018 4 5 -2
W-018 5 2 0
W-018 5 2 2
W-018 5 3 1
W-018 5 3 -1
W-018 5 3 2
W-019 1 2 1
W-019 1 2 2
W-019 1 2 1
W-019 1 5 1
W-019 1 5 1
W-019 1 5 0
W-019 2 3 -1
W-019 2 3 -2
W-019 2 3 -1
W-019 2 4 -1
W-019 2 4 -1
W-019 2 4 -2
W-019 3 1 -1
W-019 3 1 2
W-019 3 1 0
W-019 4 1 -1
W-019 4 1 -1
W-019 4 1 1
W-019 4 3 1
W-019 4 3 -1
W-019 4 3 2
W-019 4 5 -1
W-019 4 5 1
W-019 4 5 1
W-019 5 2 1
W-019 5 2 1
W-019 5 2 0
W-019 5 3 1
W-019 5 3 -1
W-019 5 3 0
W-020 1 2 1
W-020 1 2 0
W-020 1 2 1
W-020 1 5 0
W-020 1 5 0
W-020 1 5 1
W-020 2 3 -1
W-020 2 3 -2
W-020 2 3 0
W-020 2 4 -1
W-020 2 4 -1
W-020 2 4 0
W-020 3 1 1
W-020 3 1 2
W-020 3 1 -1
W-020 4 1 1
W-020 4 1 0
W-020 4 1 -1
W-020 4 3 1
W-020 4 3 -2
W-020 4 3 1
W-020 4 5 1
W-020 4 5 0
W-020 4 5 -2
W-020 5 2 1
W-020 5 2 0
W-020 5 2 0
W-020 5 3 -1
W-020 5 3 -1
W-020 5 3 1
W-021 1 2 1
W-021 1 2 2
W-021 1 2 2
W-021 1 5 1
W-021 1 5 0
W-021 1 5 0
W-021 2 3 0
W-021 2 3 1
W-021 2 3 0
W-021 2 4 1
W-021 2 4 1
W-021 2 4 -2
W-021 3 1 -1
W-021 3 1 -1
W-021 3 1 -1
W-021 4 1 -1
W-021 4 1 -1
W-021 4 1 1
W-021 4 3 0
W-021 4 3 -1
W-021 4 3 2
W-021 4 5 0
W-021 4 5 0
W-021 4 5 -1
W-021 5 2 1
W-021 5 2 1
W-021 5 2 0
W-021 5 3 1
W-021 5 3 2
W-021 5 3 -1
W-022 1 2 1
W-022 1 2 2
W-022 1 2 1
W-022 1 5 -1
W-022 1 5 -1
W-022 1 5 1
W-022 2 3 0
W-022 2 3 1
W-022 2 3 -1
W-022 2 4 -1
W-022 2 4 1
W-022 2 4 1
W-022 3 1 -1
W-022 3 1 -1
W-022 3 1 -1
W-022 4 1 1
W-022 4 1 -1
W-022 4 1 -1
W-022 4 3 -1
W-022 4 3 -1
W-022 4 3 0
W-022 4 5 0
W-022 4 5 -1
W-022 4 5 -1
W-022 5 2 1
W-022 5 2 0
W-022 5 2 0
W-022 5 3 1
W-022 5 3 1
W-022 5 3 1
W-023 1 2 1
W-023 1 2 2
W-023 1 2 2
W-023 1 5 1
W-023 1 5 0
W-023 1 5 0
W-023 2 3 0
W-023 2 3 -2
W-023 2 3 -1
W-023 2 4 -1
W-023 2 4 0
W-023 2 4 -1
W-023 3 1 1
W-023 3 1 1
W-023 3 1 1
W-023 4 1 1
W-023 4 1 -1
W-023 4 1 -1
W-023 4 3 2
W-023 4 3 -1
W-023 4 3 -1
W-023 4 5 2
W-023 4 5 -1
W-023 4 5 0
W-023 5 2 1
W-023 5 2 1
W-023 5 2 0
W-023 5 3 -2
W-023 5 3 -1
W-023 5 3 -2
W-024 1 2 1
W-024 1 2 -1
W-024 1 2 1
W-024 1 5 0
W-024 1 5 0
W-024 1 5 1
W-024 2 3 0
W-024 2 3 1
W-024 2 3 -1
W-024 2 4 -2
W-024 2 4 1
W-024 2 4 -2
W-024 3 1 1
W-024 3 1 -1
W-024 3 1 -1
W-024 4 1 2
W-024 4 1 -1
W-024 4 1 1
W-024 4 3 1
W-024 4 3 -1
W-024 4 3 0
W-024 4 5 1
W-024 4 5 -1
W-024 4 5 -1
W-024 5 2 1
W-024 5 2 0
W-024 5 2 0
W-024 5 3 1
W-024 5 3 1
W-024 5 3 1
W-025 1 2 1
W-025 1 2 2
W-025 1 2 -2
W-025 1 5 0
W-025 1 5 0
W-025 1 5 -1
W-025 2 3 0
W-025 2 3 -2
W-025 2 3 -2
W-025 2 4 0
W-025 2 4 1
W-025 2 4 -1
W-025 3 1 1
W-025 3 1 -1
W-025 3 1 2
W-025 4 1 -1
W-025 4 1 -2
W-025 4 1 -2
W-025 4 3 -1
W-025 4 3 -2
W-025 4 3 -2
W-025 4 5 -1
W-025 4 5 -1
W-025 4 5 -2
W-025 5 2 0
W-025 5 2 0
W-025 5 2 -1
W-025 5 3 1
W-025 5 3 2
W-025 5 3 -2
W-026 1 2 2
W-026 1 2 2
W-026 1 2 2
W-026 1 5 1
W-026 1 5 2
W-026 1 5 1
W-026 2 3 -1
W-026 2 3 -2
W-026 2 3 -2
W-026 2 4 -1
W-026 2 4 -2
W-026 2 4 -2
W-026 3 1 -2
W-026 3 1 2
W-026 3 1 2
W-026 4 1 1
W-026 4 1 -1
W-026 4 1 -2
W-026 4 3 1
W-026 4 3 -2
W-026 4 3 -2
W-026 4 5 2
W-026 4 5 0
W-026 4 5 2
W-026 5 2 1
W-026 5 2 1
W-026 5 2 0
W-026 5 3 -2
W-026 5 3 -2
W-026 5 3 -2
W-027 1 2 0
W-027 1 2 -1
W-027 1 2 2
W-027 1 5 0
W-027 1 5 0
W-027 1 5 -1
W-027 2 3 -1
W-027 2 3 -1
W-027 2 3 0
W-027 2 4 0
W-027 2 4 2
W-027 2 4 -2
W-027 3 1 1
W-027 3 1 1
W-027 3 1 -2
W-027 4 1 -1
W-027 4 1 -2
W-027 4 1 -2
W-027 4 3 -1
W-027 4 3 -1
W-027 4 3 -1
W-027 4 5 0
W-027 4 5 -2
W-027 4 5 -2
W-027 5 2 0
W-027 5 2 0
W-027 5 2 0
W-027 5 3 -1
W-027 5 3 -2
W-027 5 3 2
W-028 1 2 1
W-028 1 2 1
W-028 1 2 2
W-028 1 5 1
W-028 1 5 0
W-028 1 5 1
W-028 2 3 -1
W-028 2 3 -2
W-028 2 3 -1
W-028 2 4 0
W-028 2 4 2
W-028 2 4 0
W-028 3 1 -1
W-028 3 1 1
W-028 3 1 -1
W-028 4 1 -1
W-028 4 1 -2
W-028 4 1 -1
W-028 4 3 -1
W-028 4 3 -2
W-028 4 3 0
W-028 4 5 -1
W-028 4 5 -2
W-028 4 5 -2
W-028 5 2 0
W-028 5 2 0
W-028 5 2 1
W-028 5 3 -1
W-028 5 3 -1
W-028 5 3 2
W-029 1 2 2
W-029 1 2 2
W-029 1 5 2
W-029 1 5 2
W-029 2 3 -1
W-029 2 4 0
W-029 2 4 -1
W-029 3 1 -2
W-029 3 1 -1
W-029 4 1 1
W-029 4 1 -1
W-029 4 1 2
W-029 4 3 1
W-029 4 3 1
W-029 4 5 -2
W-029 4 5 -2
W-029 4 5 -2
W-029 5 2 1
W-029 5 2 0
W-029 5 3 2
W-029 5 3 2
W-030 1 2 2
W-030 1 2 2
W-030 1 5 1
W-030 1 5 1
W-030 2 3 0
W-030 2 3 1
W-030 2 4 0
W-030 2 4 -1
W-030 3 1 -1
W-030 3 1 -1
W-030 4 1 -1
W-030 4 1 -2
W-030 4 3 1
W-030 4 3 2
W-030 4 5 0
W-030 4 5 -2
W-030 5 2 1
W-030 5 2 0
W-030 5 3 1
W-030 5 3 2
W-031 1 2 1
W-031 1 2 2
W-031 1 5 1
W-031 1 5 -1
W-031 2 3 0
W-031 2 4 0
W-031 2 4 0
W-031 3 1 -1
W-031 3 1 -2
W-031 4 1 -2
W-031 4 1 -2
W-031 4 3 1
W-031 4 3 2
W-031 4 5 -1
W-031 4 5 -1
W-031 4 5 -2
W-031 5 2 1
W-031 5 2 1
W-031 5 3 1
W-031 5 3 2
W-032 1 2 2
W-032 1 2 2
W-032 1 5 2
W-032 1 5 1
W-032 2 3 1
W-032 2 3 0
W-032 2 4 -1
W-032 2 4 -1
W-032 3 1 -2
W-032 3 1 -1
W-032 4 1 -1
W-032 4 1 0
W-032 4 3 1
W-032 4 3 2
W-032 4 5 -1
W-032 4 5 -2
W-032 5 2 2
W-032 5 2 1
W-032 5 3 2
W-032 5 3 2
W-033 1 2 2
W-033 1 2 1
W-033 1 2 1
W-033 1 5 1
W-033 1 5 2
W-033 1 5 2
W-033 2 3 -1
W-033 2 3 1
W-033 2 3 -1
W-033 2 4 0
W-033 2 4 0
W-033 2 4 0
W-033 3 1 0
W-033 3 1 -2
W-033 3 1 -1
W-033 4 1 -1
W-033 4 1 -1
W-033 4 1 -1
W-033 4 3 1
W-033 4 3 0
W-033 4 3 1
W-033 4 5 -1
W-033 4 5 -1
W-033 4 5 -1
W-033 5 2 1
W-033 5 2 1
W-033 5 2 1
W-033 5 3 1
W-033 5 3 1
W-033 5 3 1
W-034 1 2 2
W-034 1 2 2
W-034 1 2 2
W-034 1 5 2
W-034 1 5 2
W-034 1 5 2
W-034 2 3 -1
W-034 2 3 -1
W-034 2 3 1
W-034 2 4 1
W-034 2 4 -1
W-034 2 4 0
W-034 3 1 -1
W-034 3 1 1
W-034 3 1 -1
W-034 4 1 0
W-034 4 1 1
W-034 4 1 -2
W-034 4 3 -2
W-034 4 3 0
W-034 4 3 -1
W-034 4 5 0
W-034 4 5 1
W-034 4 5 -1
W-034 5 2 0
W-034 5 2 0
W-034 5 2 0
W-034 5 3 -1
W-034 5 3 -1
W-034 5 3 1
W-035 1 2 2
W-035 1 2 2
W-035 1 2 2
W-035 1 5 1
W-035 1 5 2
W-035 1 5 1
W-035 2 3 -2
W-035 2 3 0
W-035 2 3 0
W-035 2 4 -1
W-035 2 4 -1
W-035 2 4 0
W-035 3 1 -2
W-035 3 1 -1
W-035 3 1 -2
W-035 4 1 -1
W-035 4 1 -2
W-035 4 1 -1
W-035 4 3 -2
W-035 4 3 1
W-035 4 3 0
W-035 4 5 1
W-035 4 5 -1
W-035 4 5 -2
W-035 5 2 0
W-035 5 2 1
W-035 5 2 1
W-035 5 3 -1
W-035 5 3 2
W-035 5 3 2
W-036 1 2 2
W-036 1 2 2
W-036 1 2 2
W-036 1 5 -2
W-036 1 5 -2
W-036 1 5 -2
W-036 1 5 1
W-036 2 3 -1
W-036 2 3 -2
W-036 2 3 0
W-036 2 4 1
W-036 2 4 -2
W-036 2 4 0
W-036 3 1 -2
W-036 3 1 -2
W-036 3 1 -2
W-036 4 1 -2
W-036 4 1 -1
W-036 4 3 -1
W-036 4 3 -2
W-036 4 3 -2
W-036 4 3 -2
W-036 4 3 0
W-036 4 5 -2
W-036 4 5 2
W-036 4 5 -2
W-036 5 2 0
W-036 5 2 -2
W-036 5 2 -2
W-036 5 2 1
W-036 5 3 1
W-036 5 3 2
W-036 5 3 2
W-037 1 2 0
W-037 1 2 0
W-037 1 2 0
W-037 1 5 0
W-037 1 5 0
W-037 1 5 0
W-037 1 5 0
W-037 1 5 0
W-037 1 5 0
W-037 1 5 0
W-037 1 5 0
W-037 1 5 0
W-037 2 3 -1
W-037 2 3 -1
W-037 2 3 -1
W-037 2 3 -1
W-037 2 4 -1
W-037 2 4 -1
W-037 2 4 0
W-037 2 4 0
W-037 2 4 -1
W-037 3 1 1
W-037 3 1 1
W-037 3 1 2
W-037 3 1 1
W-037 4 1 1
W-037 4 1 1
W-037 4 1 1
W-037 4 3 0
W-037 4 3 -1
W-037 4 3 -1
W-037 4 3 0
W-037 4 5 0
W-037 4 5 1
W-037 4 5 1
W-037 5 2 0
W-037 5 2 0
W-037 5 2 0
W-037 5 3 -1
W-037 5 3 -1
W-037 5 3 -1
W-038 1 2 0
W-038 1 2 0
W-038 1 2 -1
W-038 1 5 0
W-038 1 5 0
W-038 1 5 2
W-038 1 5 2
W-038 1 5 2
W-038 1 5 -1
W-038 2 3 0
W-038 2 3 -1
W-038 2 3 1
W-038 2 4 1
W-038 2 4 -1
W-038 2 4 1
W-038 3 1 0
W-038 3 1 -1
W-038 3 1 2
W-038 3 1 2
W-038 3 1 2
W-038 3 1 0
W-038 4 1 -1
W-038 4 1 1
W-038 4 1 -1
W-038 4 3 0
W-038 4 3 1
W-038 4 3 -1
W-038 4 5 -1
W-038 4 5 1
W-038 4 5 -1
W-038 5 2 0
W-038 5 2 0
W-038 5 2 0
W-038 5 3 0
W-038 5 3 1
W-038 5 3 -1
W-039 1 2 0
W-039 1 2 0
W-039 1 2 0
W-039 1 2 0
W-039 1 2 0
W-039 1 2 0
W-039 1 2 0
W-039 1 5 0
W-039 1 5 0
W-039 1 5 0
W-039 1 5 0
W-039 2 3 0
W-039 2 3 -1
W-039 2 3 -1
W-039 2 4 -1
W-039 2 4 -1
W-039 2 4 -1
W-039 3 1 0
W-039 3 1 1
W-039 3 1 0
W-039 3 1 0
W-039 3 1 0
W-039 3 1 0
W-039 3 1 1
W-039 4 1 1
W-039 4 1 1
W-039 4 1 0
W-039 4 1 0
W-039 4 1 0
W-039 4 1 1
W-039 4 3 0
W-039 4 3 1
W-039 4 3 -1
W-039 4 5 1
W-039 4 5 1
W-039 4 5 1
W-039 5 2 0
W-039 5 2 0
W-039 5 2 0
W-039 5 3 -1
W-039 5 3 -1
W-039 5 3 -1
W-040 1 2 1
W-040 1 2 1
W-040 1 2 1
W-040 1 5 1
W-040 1 5 1
W-040 1 5 0
W-040 1 5 0
W-040 1 5 0
W-040 1 5 0
W-040 2 3 -2
W-040 2 3 -1
W-040 2 3 -1
W-040 2 4 -2
W-040 2 4 -2
W-040 2 4 0
W-040 3 1 0
W-040 3 1 -1
W-040 3 1 2
W-040 3 1 1
W-040 4 1 2
W-040 4 1 1
W-040 4 1 0
W-040 4 1 0
W-040 4 1 0
W-040 4 3 1
W-040 4 3 1
W-040 4 3 2
W-040 4 3 -1
W-040 4 5 1
W-040 4 5 1
W-040 4 5 2
W-040 4 5 2
W-040 4 5 0
W-040 5 2 1
W-040 5 2 1
W-040 5 2 0
W-040 5 3 0
W-040 5 3 -1
W-040 5 3 -1
W-041 1 2 2
W-041 1 2 1
W-041 1 2 0
W-041 1 5 0
W-041 1 5 0
W-041 1 5 0
W-041 2 3 -1
W-041 2 3 0
W-041 2 4 -2
W-041 2 4 -1
W-041 2 4 -1
W-041 3 1 -2
W-041 3 1 1
W-041 4 1 -1
W-041 4 1 1
W-041 4 1 -1
W-041 4 3 2
W-041 4 3 1
W-041 4 5 2
W-041 4 5 1
W-041 5 2 0
W-041 5 2 0
W-041 5 2 0
W-041 5 3 1
W-041 5 3 -1
W-041 5 3 -1
W-041 5 3 -1
W-041 5 3 -1
W-041 5 3 -1
W-041 5 3 -1
W-042 1 2 0
W-042 1 2 0
W-042 1 2 1
W-042 1 5 0
W-042 1 5 1
W-042 1 5 1
W-042 2 3 0
W-042 2 3 -1
W-042 2 3 -1
W-042 2 4 -2
W-042 2 4 -1
W-042 2 4 -1
W-042 3 1 -1
W-042 3 1 1
W-042 3 1 -1
W-042 4 1 2
W-042 4 1 1
W-042 4 1 0
W-042 4 3 1
W-042 4 3 -1
W-042 4 3 -1
W-042 4 5 2
W-042 4 5 -1
W-042 4 5 -1
W-042 5 2 0
W-042 5 2 0
W-042 5 2 0
W-042 5 3 0
W-042 5 3 -1
W-042 5 3 1
W-043 1 2 0
W-043 1 2 0
W-043 1 2 0
W-043 1 5 0
W-043 1 5 0
W-043 1 5 0
W-043 2 3 0
W-043 2 3 0
W-043 2 3 -1
W-043 2 4 -1
W-043 2 4 -1
W-043 2 4 0
W-043 3 1 0
W-043 3 1 1
W-043 3 1 1
W-043 4 1 -1
W-043 4 1 1
W-043 4 1 0
W-043 4 3 0
W-043 4 3 1
W-043 4 3 -1
W-043 4 5 -1
W-043 4 5 1
W-043 4 5 0
W-043 5 2 0
W-043 5 2 0
W-043 5 2 0
W-043 5 3 1
W-043 5 3 -1
W-043 5 3 -1
W-044 1 2 1
W-044 1 2 1
W-044 1 2 1
W-044 1 5 2
W-044 1 5 0
W-044 1 5 1
W-044 2 3 -1
W-044 2 3 -1
W-044 2 3 -1
W-044 2 4 -1
W-044 2 4 -1
W-044 2 4 -1
W-044 3 1 -1
W-044 3 1 0
W-044 3 1 -1
W-044 4 1 1
W-044 4 1 1
W-044 4 1 -1
W-044 4 3 1
W-044 4 3 1
W-044 4 3 1
W-044 4 5 2
W-044 4 5 1
W-044 4 5 1
W-044 5 2 0
W-044 5 2 1
W-044 5 2 1
W-044 5 3 0
W-044 5 3 1
W-044 5 3 -1
W-045 1 2 0
W-045 1 2 1
W-045 1 2 1
W-045 1 5 0
W-045 1 5 0
W-045 1 5 0
W-045 2 3 -1
W-045 2 3 -1
W-045 2 3 -1
W-045 2 4 -1
W-045 2 4 -1
W-045 2 4 0
W-045 3 1 1
W-045 3 1 1
W-045 3 1 0
W-045 4 1 0
W-045 4 1 -1
W-045 4 1 -1
W-045 4 3 0
W-045 4 3 -1
W-045 4 3 -1
W-045 4 5 0
W-045 4 5 1
W-045 4 5 -1
W-045 5 2 0
W-045 5 2 0
W-045 5 2 0
W-045 5 3 0
W-045 5 3 -1
W-045 5 3 -1
W-046 1 2 1
W-046 1 2 1
W-046 1 2 1
W-046 1 5 -1
W-046 1 5 1
W-046 1 5 1
W-046 2 3 -1
W-046 2 3 -1
W-046 2 3 -1
W-046 2 4 -1
W-046 2 4 -1
W-046 2 4 0
W-046 3 1 -1
W-046 3 1 -1
W-046 3 1 0
W-046 4 1 1
W-046 4 1 1
W-046 4 1 -1
W-046 4 3 2
W-046 4 3 1
W-046 4 3 -1
W-046 4 5 2
W-046 4 5 1
W-046 4 5 0
W-046 5 2 1
W-046 5 2 1
W-046 5 2 1
W-046 5 3 -1
W-046 5 3 -1
W-046 5 3 -1
W-047 1 2 1
W-047 1 2 0
W-047 1 2 1
W-047 1 5 0
W-047 1 5 0
W-047 1 5 0
W-047 2 3 -1
W-047 2 3 1
W-047 2 3 0
W-047 2 4 -2
W-047 2 4 -1
W-047 2 4 -1
W-047 3 1 1
W-047 3 1 1
W-047 3 1 1
W-047 4 1 2
W-047 4 1 1
W-047 4 1 1
W-047 4 3 2
W-047 4 3 1
W-047 4 3 -1
W-047 4 5 -1
W-047 4 5 1
W-047 4 5 0
W-047 5 2 0
W-047 5 2 0
W-047 5 2 0
W-047 5 3 -1
W-047 5 3 1
W-047 5 3 -1
W-048 1 2 1
W-048 1 2 1
W-048 1 2 1
W-048 1 5 1
W-048 1 5 1
W-048 1 5 0
W-048 2 3 -1
W-048 2 3 -1
W-048 2 3 -1
W-048 2 4 -1
W-048 2 4 1
W-048 2 4 0
W-048 3 1 0
W-048 3 1 0
W-048 3 1 0
W-048 4 1 1
W-048 4 1 -1
W-048 4 1 -1
W-048 4 3 1
W-048 4 3 -1
W-048 4 3 -1
W-048 4 5 1
W-048 4 5 1
W-048 4 5 1
W-048 5 2 0
W-048 5 2 1
W-048 5 2 1
W-048 5 3 0
W-048 5 3 -1
W-048 5 3 -1
W-049 1 2 0
W-049 1 2 -2
W-049 1 2 1
W-049 1 5 0
W-049 1 5 -2
W-049 1 5 1
W-049 2 3 -1
W-049 2 3 2
W-049 2 3 -1
W-049 2 4 -1
W-049 2 4 2
W-049 2 4 0
W-049 3 1 1
W-049 3 1 -1
W-049 3 1 1
W-049 4 1 1
W-049 4 1 -1
W-049 4 1 -1
W-049 4 3 1
W-049 4 3 -1
W-049 4 3 -1
W-049 4 5 1
W-049 4 5 -2
W-049 4 5 -1
W-049 5 2 0
W-049 5 2 -2
W-049 5 2 0
W-049 5 3 -1
W-049 5 3 2
W-049 5 3 -1
W-050 1 2 0
W-050 1 2 -1
W-050 1 2 1
W-050 1 5 0
W-050 1 5 -2
W-050 1 5 1
W-050 2 3 -1
W-050 2 3 2
W-050 2 3 -1
W-050 2 4 -2
W-050 2 4 2
W-050 2 4 0
W-050 3 1 1
W-050 3 1 -1
W-050 3 1 0
W-050 4 1 2
W-050 4 1 -2
W-050 4 1 -1
W-050 4 3 2
W-050 4 3 -2
W-050 4 3 -1
W-050 4 5 1
W-050 4 5 -2
W-050 4 5 -1
W-050 5 2 0
W-050 5 2 2
W-050 5 2 1
W-050 5 3 -1
W-050 5 3 2
W-050 5 3 -1
W-051 1 2 1
W-051 1 2 2
W-051 1 2 1
W-051 1 5 0
W-051 1 5 2
W-051 1 5 0
W-051 2 3 -1
W-051 2 3 -2
W-051 2 3 -1
W-051 2 4 -2
W-051 2 4 -2
W-051 2 4 -1
W-051 3 1 0
W-051 3 1 -2
W-051 3 1 0
W-051 4 1 2
W-051 4 1 -2
W-051 4 1 -1
W-051 4 3 1
W-051 4 3 -2
W-051 4 3 -1
W-051 4 5 2
W-051 4 5 0
W-051 4 5 -1
W-051 5 2 0
W-051 5 2 2
W-051 5 2 1
W-051 5 3 0
W-051 5 3 2
W-051 5 3 -1
W-052 1 2 -1
W-052 1 2 -2
W-052 1 2 -1
W-052 1 5 0
W-052 1 5 0
W-052 1 5 0
W-052 2 3 -1
W-052 2 3 2
W-052 2 3 1
W-052 2 4 -1
W-052 2 4 2
W-052 2 4 1
W-052 3 1 1
W-052 3 1 -2
W-052 3 1 -1
W-052 4 1 1
W-052 4 1 -2
W-052 4 1 -1
W-052 4 3 -1
W-052 4 3 0
W-052 4 3 -1
W-052 4 5 1
W-052 4 5 -2
W-052 4 5 -1
W-052 5 2 0
W-052 5 2 2
W-052 5 2 0
W-052 5 3 -1
W-052 5 3 2
W-052 5 3 -1
W-053 1 2 1
W-053 1 2 1
W-053 1 5 0
W-053 1 5 0
W-053 2 3 -1
W-053 2 3 1
W-053 2 4 -1
W-053 2 4 0
W-053 3 1 1
W-053 3 1 1
W-053 4 1 1
W-053 4 1 -1
W-053 4 3 -1
W-053 4 3 -1
W-053 4 5 1
W-053 4 5 -1
W-053 5 2 0
W-053 5 2 0
W-053 5 3 -1
W-053 5 3 1
W-054 1 2 0
W-054 1 2 1
W-054 1 5 0
W-054 1 5 0
W-054 2 3 -1
W-054 2 3 -1
W-054 2 4 -2
W-054 2 4 -1
W-054 3 1 1
W-054 3 1 -1
W-054 4 1 0
W-054 4 1 -1
W-054 4 3 1
W-054 4 3 1
W-054 4 5 1
W-054 4 5 -1
W-054 5 2 0
W-054 5 2 0
W-054 5 3 -1
W-054 5 3 1
W-055 1 2 1
W-055 1 2 1
W-055 1 5 0
W-055 1 5 0
W-055 2 3 -1
W-055 2 3 1
W-055 2 4 -1
W-055 2 4 0
W-055 3 1 0
W-055 3 1 -1
W-055 4 1 0
W-055 4 1 -1
W-055 4 3 1
W-055 4 3 -1
W-055 4 5 1
W-055 4 5 -1
W-055 5 2 0
W-055 5 2 1
W-055 5 3 -1
W-055 5 3 1
W-056 1 2 -1
W-056 1 2 1
W-056 1 2 0
W-056 1 5 -1
W-056 1 5 0
W-056 2 3 0
W-056 2 3 -1
W-056 2 4 -1
W-056 2 4 -1
W-056 3 1 0
W-056 3 1 0
W-056 4 1 -1
W-056 4 1 -1
W-056 4 3 0
W-056 4 3 0
W-056 4 5 -1
W-056 4 5 -1
W-056 5 2 0
W-056 5 2 0
W-056 5 3 -1
W-057 1 2 1
W-057 1 2 1
W-057 1 2 2
W-057 1 5 1
W-057 1 5 1
W-057 1 5 1
W-057 2 3 -1
W-057 2 3 0
W-057 2 3 0
W-057 2 4 0
W-057 2 4 0
W-057 2 4 0
W-057 3 1 1
W-057 3 1 0
W-057 3 1 -1
W-057 4 1 -1
W-057 4 1 -1
W-057 4 1 -2
W-057 4 3 -1
W-057 4 3 0
W-057 4 3 0
W-057 4 5 0
W-057 4 5 1
W-057 4 5 1
W-057 5 2 0
W-057 5 2 1
W-057 5 2 0
W-057 5 3 -1
W-057 5 3 -1
W-057 5 3 0
W-058 1 2 1
W-058 1 2 1
W-058 1 2 1
W-058 1 5 0
W-058 1 5 0
W-058 1 5 0
W-058 2 3 -1
W-058 2 3 -1
W-058 2 3 0
W-058 2 4 -1
W-058 2 4 -1
W-058 2 4 0
W-058 3 1 1
W-058 3 1 0
W-058 3 1 1
W-058 4 1 1
W-058 4 1 0
W-058 4 1 0
W-058 4 3 1
W-058 4 3 0
W-058 4 3 0
W-058 4 5 1
W-058 4 5 1
W-058 4 5 0
W-058 5 2 0
W-058 5 2 0
W-058 5 2 0
W-058 5 3 -1
W-058 5 3 -1
W-058 5 3 -1
W-059 1 2 0
W-059 1 2 0
W-059 1 2 0
W-059 1 5 0
W-059 1 5 0
W-059 1 5 0
W-059 2 3 -2
W-059 2 3 -1
W-059 2 3 -1
W-059 2 4 -2
W-059 2 4 -1
W-059 2 4 0
W-059 3 1 2
W-059 3 1 1
W-059 3 1 1
W-059 4 1 2
W-059 4 1 1
W-059 4 1 0
W-059 4 3 0
W-059 4 3 0
W-059 4 3 -1
W-059 4 5 1
W-059 4 5 1
W-059 4 5 0
W-059 5 2 0
W-059 5 2 0
W-059 5 2 0
W-059 5 3 -2
W-059 5 3 -1
W-059 5 3 0
W-060 1 2 0
W-060 1 2 0
W-060 1 2 0
W-060 1 5 0
W-060 1 5 0
W-060 1 5 0
W-060 2 3 -1
W-060 2 3 -1
W-060 2 3 -1
W-060 2 4 -2
W-060 2 4 -1
W-060 2 4 0
W-060 3 1 1
W-060 3 1 1
W-060 3 1 1
W-060 4 1 2
W-060 4 1 0
W-060 4 1 -1
W-060 4 3 2
W-060 4 3 0
W-060 4 3 -1
W-060 4 5 2
W-060 4 5 0
W-060 4 5 0
W-060 5 2 0
W-060 5 2 0
W-060 5 2 0
W-060 5 3 -2
W-060 5 3 -1
W-060 5 3 -1
W-061 1 2 0
W-061 1 2 1
W-061 1 2 0
W-061 1 2 0
W-061 1 5 0
W-061 1 5 0
W-061 1 5 0
W-061 1 5 0
W-061 2 3 -1
W-061 2 3 -1
W-061 2 3 -1
W-061 2 4 -1
W-061 2 4 0
W-061 2 4 -1
W-061 2 4 0
W-061 3 1 0
W-061 3 1 0
W-061 3 1 1
W-061 3 1 1
W-061 3 1 1
W-061 4 1 1
W-061 4 1 -1
W-061 4 1 0
W-061 4 1 0
W-061 4 3 1
W-061 4 3 -1
W-061 4 3 -1
W-061 4 5 0
W-061 4 5 -1
W-061 4 5 1
W-061 4 5 1
W-061 4 5 0
W-061 4 5 0
W-061 5 2 0
W-061 5 2 0
W-061 5 2 0
W-061 5 3 0
W-061 5 3 1
W-061 5 3 0
W-061 5 3 -2
W-062 1 2 0
W-062 1 2 1
W-062 1 2 -1
W-062 1 2 1
W-062 1 5 0
W-062 1 5 1
W-062 1 5 0
W-062 1 5 1
W-062 2 3 -1
W-062 2 3 -1
W-062 2 3 0
W-062 2 3 -1
W-062 2 4 -1
W-062 2 4 0
W-062 2 4 0
W-062 2 4 0
W-062 3 1 0
W-062 3 1 1
W-062 3 1 0
W-062 3 1 1
W-062 4 1 0
W-062 4 1 0
W-062 4 1 1
W-062 4 1 -1
W-062 4 3 0
W-062 4 3 -1
W-062 4 3 1
W-062 4 3 -1
W-062 4 5 -1
W-062 4 5 0
W-062 4 5 0
W-062 4 5 -1
W-062 5 2 0
W-062 5 2 1
W-062 5 2 0
W-062 5 2 0
W-062 5 3 0
W-062 5 3 -1
W-062 5 3 0
W-062 5 3 -1
W-063 1 2 1
W-063 1 2 1
W-063 1 2 1
W-063 1 2 1
W-063 1 5 0
W-063 1 5 1
W-063 1 5 0
W-063 1 5 0
W-063 2 3 0
W-063 2 3 0
W-063 2 3 -1
W-063 2 4 -1
W-063 2 4 0
W-063 2 4 0
W-063 2 4 0
W-063 3 1 0
W-063 3 1 1
W-063 3 1 0
W-063 3 1 1
W-063 4 1 1
W-063 4 1 1
W-063 4 1 1
W-063 4 1 0
W-063 4 3 1
W-063 4 3 1
W-063 4 3 0
W-063 4 3 -1
W-063 4 5 0
W-063 4 5 1
W-063 4 5 1
W-063 4 5 1
W-063 5 2 0
W-063 5 2 1
W-063 5 2 0
W-063 5 2 0
W-063 5 3 0
W-063 5 3 -1
W-063 5 3 1
W-063 5 3 -1
W-063 5 3 -1
W-064 1 2 0
W-064 1 2 1
W-064 1 2 0
W-064 1 2 2
W-064 1 5 0
W-064 1 5 1
W-064 1 5 0
W-064 1 5 0
W-064 2 3 -1
W-064 2 3 -1
W-064 2 3 -1
W-064 2 3 -1
W-064 2 4 0
W-064 2 4 0
W-064 2 4 0
W-064 2 4 0
W-064 3 1 0
W-064 3 1 1
W-064 3 1 0
W-064 3 1 -1
W-064 4 1 0
W-064 4 1 -1
W-064 4 1 0
W-064 4 1 0
W-064 4 3 0
W-064 4 3 -1
W-064 4 3 0
W-064 4 3 0
W-064 4 5 0
W-064 4 5 -1
W-064 4 5 0
W-064 4 5 0
W-064 5 2 0
W-064 5 2 1
W-064 5 2 0
W-064 5 2 0
W-064 5 3 -1
W-064 5 3 1
W-064 5 3 0
W-064 5 3 -2
W-065 1 2 0
W-065 1 2 0
W-065 1 2 2
W-065 1 5 -1
W-065 1 5 -2
W-065 1 5 1
W-065 2 3 -1
W-065 2 3 1
W-065 2 3 -1
W-065 2 4 -1
W-065 2 4 -2
W-065 2 4 0
W-065 3 1 0
W-065 3 1 2
W-065 3 1 1
W-065 4 1 1
W-065 4 1 1
W-065 4 1 -1
W-065 4 3 1
W-065 4 3 -1
W-065 4 3 -1
W-065 4 5 0
W-065 4 5 1
W-065 4 5 -1
W-065 5 2 0
W-065 5 2 -2
W-065 5 2 1
W-065 5 3 0
W-065 5 3 1
W-065 5 3 -1
W-066 1 2 0
W-066 1 2 2
W-066 1 2 1
W-066 1 5 0
W-066 1 5 0
W-066 1 5 0
W-066 2 3 -1
W-066 2 3 0
W-066 2 3 -1
W-066 2 4 -1
W-066 2 4 -2
W-066 2 4 -1
W-066 3 1 1
W-066 3 1 -2
W-066 3 1 0
W-066 4 1 1
W-066 4 1 2
W-066 4 1 1
W-066 4 3 1
W-066 4 3 2
W-066 4 3 0
W-066 4 5 1
W-066 4 5 2
W-066 4 5 0
W-066 5 2 0
W-066 5 2 1
W-066 5 2 0
W-066 5 3 -1
W-066 5 3 1
W-066 5 3 -1
W-067 1 2 1
W-067 1 2 2
W-067 1 2 0
W-067 1 5 0
W-067 1 5 2
W-067 1 5 0
W-067 2 3 -1
W-067 2 3 -1
W-067 2 3 -1
W-067 2 4 -1
W-067 2 4 -2
W-067 2 4 0
W-067 3 1 -1
W-067 3 1 -2
W-067 3 1 1
W-067 4 1 0
W-067 4 1 -2
W-067 4 1 0
W-067 4 3 1
W-067 4 3 1
W-067 4 3 0
W-067 4 5 1
W-067 4 5 -1
W-067 4 5 0
W-067 5 2 1
W-067 5 2 1
W-067 5 2 0
W-067 5 3 -1
W-067 5 3 2
W-067 5 3 -1
W-068 1 2 1
W-068 1 2 2
W-068 1 2 0
W-068 1 5 0
W-068 1 5 1
W-068 1 5 0
W-068 2 3 -1
W-068 2 3 1
W-068 2 3 0
W-068 2 4 -1
W-068 2 4 -2
W-068 2 4 0
W-068 3 1 -1
W-068 3 1 -2
W-068 3 1 1
W-068 4 1 1
W-068 4 1 -2
W-068 4 1 0
W-068 4 3 1
W-068 4 3 1
W-068 4 3 -1
W-068 4 5 1
W-068 4 5 0
W-068 4 5 0
W-068 5 2 0
W-068 5 2 1
W-068 5 2 0
W-068 5 3 -1
W-068 5 3 -1
W-068 5 3 -1
W-069 1 2 1
W-069 1 2 2
W-069 1 5 1
W-069 1 5 1
W-069 2 3 -1
W-069 2 3 -2
W-069 2 4 -1
W-069 2 4 -1
W-069 3 1 1
W-069 3 1 1
W-069 4 1 1
W-069 4 1 -2
W-069 4 3 1
W-069 4 3 -2
W-069 4 5 -1
W-069 4 5 1
W-069 5 2 0
W-069 5 2 2
W-069 5 3 -1
W-069 5 3 -1
W-070 1 2 1
W-070 1 2 1
W-070 1 5 1
W-070 1 5 2
W-070 2 3 -1
W-070 2 3 -1
W-070 2 4 0
W-070 2 4 2
W-070 3 1 1
W-070 3 1 2
W-070 4 1 -1
W-070 4 1 -1
W-070 4 3 0
W-070 4 3 -2
W-070 4 5 -1
W-070 4 5 -2
W-070 5 2 0
W-070 5 2 1
W-070 5 3 -1
W-070 5 3 0
W-071 1 2 1
W-071 1 2 1
W-071 1 5 1
W-071 1 5 -1
W-071 2 3 -1
W-071 2 3 -2
W-071 2 4 0
W-071 2 4 0
W-071 3 1 -1
W-071 3 1 -1
W-071 4 1 -1
W-071 4 1 1
W-071 4 3 -1
W-071 4 3 0
W-071 4 5 -1
W-071 4 5 -1
W-071 5 2 1
W-071 5 2 -2
W-071 5 3 -1
W-071 5 3 1
W-072 1 2 1
W-072 1 2 1
W-072 1 5 1
W-072 1 5 2
W-072 2 3 -2
W-072 2 3 -1
W-072 2 4 0
W-072 2 4 -2
W-072 3 1 1
W-072 3 1 0
W-072 4 1 -1
W-072 4 1 -1
W-072 4 3 -1
W-072 4 3 1
W-072 4 5 -1
W-072 4 5 1
W-072 5 2 1
W-072 5 2 -1
W-072 5 3 1
W-072 5 3 -2
W-073 1 2 1
W-073 1 2 0
W-073 1 5 0
W-073 1 5 0
W-073 2 3 -1
W-073 2 3 -1
W-073 2 4 -1
W-073 2 4 -2
W-073 3 1 1
W-073 3 1 -1
W-073 4 1 1
W-073 4 1 -1
W-073 4 3 -1
W-073 4 3 -2
W-073 4 5 1
W-073 4 5 1
W-073 5 2 1
W-073 5 2 1
W-073 5 3 -1
W-073 5 3 0
W-074 1 2 1
W-074 1 2 0
W-074 1 5 1
W-074 1 5 1
W-074 2 3 -1
W-074 2 3 -1
W-074 2 4 0
W-074 2 4 -2
W-074 3 1 -1
W-074 3 1 0
W-074 4 1 -1
W-074 4 1 2
W-074 4 3 -1
W-074 4 3 2
W-074 4 5 0
W-074 4 5 2
W-074 5 2 1
W-074 5 2 0
W-074 5 3 1
W-074 5 3 -1
W-075 1 2 -1
W-075 1 2 0
W-075 1 5 0
W-075 1 5 0
W-075 2 3 -1
W-075 2 3 0
W-075 2 4 -1
W-075 2 4 1
W-075 3 1 1
W-075 3 1 0
W-075 4 1 1
W-075 4 1 1
W-075 4 3 -1
W-075 4 3 1
W-075 4 5 1
W-075 4 5 1
W-075 5 2 0
W-075 5 2 0
W-075 5 3 -1
W-075 5 3 -2
W-076 1 2 1
W-076 1 2 2
W-076 1 5 1
W-076 1 5 0
W-076 2 3 -1
W-076 2 3 1
W-076 2 4 -1
W-076 2 4 -2
W-076 3 1 -1
W-076 3 1 -2
W-076 4 1 -1
W-076 4 1 2
W-076 4 3 -1
W-076 4 3 2
W-076 4 5 -1
W-076 4 5 2
W-076 5 2 1
W-076 5 2 1
W-076 5 3 -1
W-076 5 3 2
W-077 1 2 0
W-077 1 5 0
W-077 2 3 1
W-077 2 4 -1
W-077 3 1 -1
W-077 4 1 1
W-077 4 3 1
W-077 4 5 1
W-077 5 2 0
W-077 5 3 -1
W-078 1 2 1
W-078 1 5 1
W-078 2 3 -1
W-078 2 4 -1
W-078 3 1 -1
W-078 4 1 -1
W-078 4 3 -1
W-078 4 5 0
W-078 5 2 0
W-078 5 3 -1
W-079 1 2 1
W-079 1 5 1
W-079 2 3 -1
W-079 2 4 1
W-079 3 1 1
W-079 4 1 -1
W-079 4 3 -1
W-079 4 5 -1
W-079 5 2 1
W-079 5 3 -1
W-080 1 2 1
W-080 1 5 0
W-080 2 3 -1
W-080 2 4 -1
W-080 3 1 1
W-080 4 1 0
W-080 4 3 -1
W-080 4 5 1
W-080 5 2 0
W-080 5 3 -1
W-081 1 2 1
W-081 1 5 2
W-081 2 3 2
W-081 2 4 1
W-081 3 1 -1
W-081 4 1 -1
W-081 4 3 0
W-081 4 5 -2
W-081 5 2 1
W-081 5 3 2
W-082 1 2 1
W-082 1 5 1
W-082 2 3 -2
W-082 2 4 0
W-082 3 1 1
W-082 4 1 0
W-082 4 3 1
W-082 4 5 2
W-082 5 2 2
W-082 5 3 -1
W-083 1 2 1
W-083 1 5 0
W-083 2 3 -2
W-083 2 4 -2
W-083 3 1 -2
W-083 4 1 2
W-083 4 3 2
W-083 4 5 2
W-083 5 2 0
W-083 5 3 -1
W-084 1 2 -2
W-084 1 5 1
W-084 2 3 2
W-084 2 4 1
W-084 3 1 -1
W-084 4 1 0
W-084 4 3 0
W-084 4 5 -2
W-084 5 2 1
W-084 5 3 2
W-085 1 2 2
W-085 1 2 -1
W-085 1 5 1
W-085 1 5 -2
W-085 2 3 -1
W-085 2 3 0
W-085 2 4 0
W-085 2 4 0
W-085 3 1 0
W-085 3 1 1
W-085 4 1 -1
W-085 4 1 1
W-085 4 3 -1
W-085 4 3 2
W-085 4 5 -1
W-085 4 5 2
W-085 5 2 0
W-085 5 2 0
W-085 5 3 -2
W-085 5 3 -2
W-086 1 2 0
W-086 1 2 2
W-086 1 5 0
W-086 1 5 0
W-086 2 3 -1
W-086 2 3 0
W-086 2 4 0
W-086 2 4 -1
W-086 3 1 1
W-086 3 1 -2
W-086 4 1 0
W-086 4 1 2
W-086 4 3 -1
W-086 4 3 1
W-086 4 5 0
W-086 4 5 2
W-086 5 2 0
W-086 5 2 2
W-086 5 3 -1
W-086 5 3 1
W-087 1 2 2
W-087 1 2 1
W-087 1 5 0
W-087 1 5 0
W-087 2 3 -1
W-087 2 3 0
W-087 2 4 -1
W-087 2 4 0
W-087 3 1 -1
W-087 3 1 2
W-087 4 1 -1
W-087 4 1 0
W-087 4 3 0
W-087 4 3 2
W-087 4 5 0
W-087 4 5 0
W-087 5 2 0
W-087 5 2 0
W-087 5 3 -1
W-087 5 3 0
W-088 1 2 2
W-088 1 2 1
W-088 1 5 1
W-088 1 5 -1
W-088 2 3 -1
W-088 2 3 -2
W-088 2 4 1
W-088 2 4 0
W-088 3 1 -2
W-088 3 1 0
W-088 4 1 -1
W-088 4 1 -1
W-088 4 3 -2
W-088 4 3 1
W-088 4 5 1
W-088 4 5 -1
W-088 5 2 0
W-088 5 2 0
W-088 5 3 -1
W-088 5 3 -2
W-089 1 2 2
W-089 1 2 0
W-089 1 2 0
W-089 1 2 2
W-089 1 5 0
W-089 1 5 0
W-089 1 5 0
W-089 1 5 2
W-089 2 3 1
W-089 2 3 -1
W-089 2 3 -1
W-089 2 3 2
W-089 2 4 -1
W-089 2 4 -1
W-089 2 4 2
W-089 3 1 -2
W-089 3 1 1
W-089 3 1 0
W-089 3 1 -2
W-089 4 1 1
W-089 4 1 1
W-089 4 1 1
W-089 4 1 1
W-089 4 1 0
W-089 4 3 2
W-089 4 3 -2
W-089 4 3 0
W-089 4 3 0
W-089 4 5 2
W-089 4 5 1
W-089 4 5 0
W-089 4 5 -2
W-089 5 2 0
W-089 5 2 1
W-089 5 2 0
W-089 5 2 2
W-089 5 3 2
W-089 5 3 -1
W-089 5 3 -1
W-089 5 3 2
W-090 1 2 2
W-090 1 2 2
W-090 1 2 2
W-090 1 2 2
W-090 1 5 1
W-090 1 5 1
W-090 1 5 1
W-090 1 5 1
W-090 2 3 1
W-090 2 3 -1
W-090 2 3 -1
W-090 2 3 0
W-090 2 4 -1
W-090 2 4 -1
W-090 2 4 -1
W-090 2 4 0
W-090 3 1 -1
W-090 3 1 -2
W-090 3 1 -1
W-090 3 1 -1
W-090 4 1 -1
W-090 4 1 -2
W-090 4 1 -1
W-090 4 1 0
W-090 4 3 1
W-090 4 3 0
W-090 4 3 -1
W-090 4 3 0
W-090 4 5 -1
W-090 4 5 0
W-090 4 5 0
W-090 4 5 0
W-090 5 2 1
W-090 5 2 0
W-090 5 2 1
W-090 5 2 0
W-090 5 3 2
W-090 5 3 -2
W-090 5 3 -2
W-090 5 3 2
W-091 1 2 1
W-091 1 2 0
W-091 1 2 -1
W-091 1 2 2
W-091 1 5 0
W-091 1 5 0
W-091 1 5 -1
W-091 1 5 0
W-091 2 3 -1
W-091 2 3 -2
W-091 2 3 -1
W-091 2 3 0
W-091 2 4 -2
W-091 2 4 -1
W-091 2 4 0
W-091 2 4 -1
W-091 3 1 0
W-091 3 1 1
W-091 3 1 1
W-091 3 1 -2
W-091 4 1 2
W-091 4 1 2
W-091 4 1 -1
W-091 4 1 0
W-091 4 3 2
W-091 4 3 0
W-091 4 3 -1
W-091 4 3 0
W-091 4 5 2
W-091 4 5 1
W-091 4 5 1
W-091 4 5 2
W-091 5 2 0
W-091 5 2 0
W-091 5 2 1
W-091 5 2 0
W-091 5 3 1
W-091 5 3 -1
W-091 5 3 -1
W-091 5 3 2
W-092 1 2 -1
W-092 1 2 1
W-092 1 2 0
W-092 1 2 2
W-092 1 5 0
W-092 1 5 -1
W-092 1 5 0
W-092 1 5 -2
W-092 2 3 1
W-092 2 3 2
W-092 2 3 -1
W-092 2 3 0
W-092 2 4 2
W-092 2 4 1
W-092 2 4 1
W-092 2 4 1
W-092 3 1 -1
W-092 3 1 -2
W-092 3 1 0
W-092 3 1 -1
W-092 4 1 -1
W-092 4 1 -1
W-092 4 1 -1
W-092 4 1 0
W-092 4 3 0
W-092 4 3 -1
W-092 4 3 -1
W-092 4 3 0
W-092 4 5 -1
W-092 4 5 -2
W-092 4 5 0
W-092 4 5 -1
W-092 5 2 0
W-092 5 2 -1
W-092 5 2 0
W-092 5 2 -1
W-092 5 3 1
W-092 5 3 -2
W-092 5 3 -1
W-092 5 3 2
W-093 1 2 2
W-093 1 2 1
W-093 1 5 1
W-093 1 5 1
W-093 1 5 0
W-093 2 3 -1
W-093 2 3 0
W-093 2 4 1
W-093 2 4 -1
W-093 2 4 -1
W-093 3 1 -1
W-093 3 1 -1
W-093 3 1 0
W-093 4 1 -1
W-093 4 1 -1
W-093 4 1 1
W-093 4 3 -1
W-093 4 3 -1
W-093 4 3 1
W-093 4 5 -1
W-093 4 5 0
W-093 4 5 0
W-093 4 5 1
W-093 5 2 1
W-093 5 2 1
W-093 5 2 1
W-093 5 3 -1
W-093 5 3 -1
W-093 5 3 -1
W-094 1 2 1
W-094 1 2 0
W-094 1 2 0
W-094 1 5 0
W-094 1 5 0
W-094 1 5 0
W-094 2 3 -1
W-094 2 3 -1
W-094 2 3 -1
W-094 2 4 -1
W-094 2 4 -1
W-094 2 4 -1
W-094 3 1 1
W-094 3 1 1
W-094 3 1 1
W-094 4 1 -1
W-094 4 1 -1
W-094 4 1 0
W-094 4 3 -1
W-094 4 3 0
W-094 4 3 0
W-094 4 5 -1
W-094 4 5 0
W-094 4 5 0
W-094 5 2 0
W-094 5 2 0
W-094 5 2 0
W-094 5 3 -1
W-094 5 3 -1
W-094 5 3 -1
W-095 1 2 1
W-095 1 2 1
W-095 1 2 1
W-095 1 5 1
W-095 1 5 1
W-095 1 5 1
W-095 2 3 -1
W-095 2 3 -1
W-095 2 3 -1
W-095 2 4 1
W-095 2 4 -1
W-095 2 4 -1
W-095 3 1 1
W-095 3 1 1
W-095 3 1 -1
W-095 4 1 -2
W-095 4 1 -1
W-095 4 1 1
W-095 4 3 -1
W-095 4 3 -1
W-095 4 3 1
W-095 4 5 -1
W-095 4 5 0
W-095 4 5 1
W-095 5 2 1
W-095 5 2 1
W-095 5 2 0
W-095 5 3 -1
W-095 5 3 -2
W-095 5 3 -1
W-096 1 2 1
W-096 1 2 2
W-096 1 2 0
W-096 1 5 1
W-096 1 5 -1
W-096 1 5 0
W-096 2 3 -1
W-096 2 3 -1
W-096 2 3 -1
W-096 2 4 1
W-096 2 4 2
W-096 2 4 1
W-096 3 1 -1
W-096 3 1 0
W-096 3 1 0
W-096 4 1 -1
W-096 4 1 -1
W-096 4 1 -1
W-096 4 3 -1
W-096 4 3 -1
W-096 4 3 -1
W-096 4 5 -1
W-096 4 5 -2
W-096 4 5 -1
W-096 5 2 1
W-096 5 2 1
W-096 5 2 0
W-096 5 3 1
W-096 5 3 0
W-096 5 3 0
W-097 1 2 -1
W-097 1 5 0
W-097 2 3 1
W-097 2 4 -1
W-097 3 1 -1
W-097 4 1 1
W-097 4 3 1
W-097 4 5 1
W-097 5 2 0
W-097 5 3 1
W-098 1 2 0
W-098 1 5 0
W-098 2 3 1
W-098 2 4 1
W-098 3 1 -1
W-098 4 1 -1
W-098 4 3 0
W-098 4 5 -2
W-098 5 2 0
W-098 5 3 1
W-099 1 2 -1
W-099 1 5 0
W-099 2 3 1
W-099 2 4 1
W-099 3 1 0
W-099 4 1 -1
W-099 4 3 0
W-099 4 5 -1
W-099 5 2 0
W-099 5 3 -1
W-100 1 2 1
W-100 1 5 1
W-100 2 3 -1
W-100 2 4 0
W-100 3 1 0
W-100 4 1 0
W-100 4 3 -1
W-100 4 5 1
W-100 5 2 0
W-100 5 3 0
H-001 1 2 -2
H-001 1 2 -1
H-001 1 2 -1
H-001 1 5 0
H-001 1 5 -1
H-001 1 5 0
H-001 2 3 -1
H-001 2 3 -1
H-001 2 3 0
H-001 2 4 -1
H-001 2 4 1
H-001 2 4 0
H-001 3 1 1
H-001 3 1 1
H-001 3 1 1
H-001 4 1 1
H-001 4 1 0
H-001 4 1 1
H-001 4 3 2
H-001 4 3 -1
H-001 4 3 1
H-001 4 5 1
H-001 4 5 1
H-001 4 5 1
H-001 5 2 -1
H-001 5 2 -1
H-001 5 2 -1
H-001 5 3 -2
H-001 5 3 -1
H-001 5 3 -1
H-002 1 2 -2
H-002 1 2 0
H-002 1 2 -1
H-002 1 5 2
H-002 1 5 1
H-002 1 5 1
H-002 2 3 2
H-002 2 3 1
H-002 2 3 1
H-002 2 4 -2
H-002 2 4 1
H-002 2 4 1
H-002 3 1 2
H-002 3 1 0
H-002 3 1 -1
H-002 4 1 1
H-002 4 1 1
H-002 4 1 1
H-002 4 3 2
H-002 4 3 1
H-002 4 3 1
H-002 4 5 2
H-002 4 5 1
H-002 4 5 1
H-002 5 2 -2
H-002 5 2 -1
H-002 5 2 -1
H-002 5 3 -2
H-002 5 3 1
H-002 5 3 -1
H-003 1 2 2
H-003 1 2 1
H-003 1 2 1
H-003 1 5 2
H-003 1 5 1
H-003 1 5 1
H-003 2 3 -2
H-003 2 3 -2
H-003 2 3 -1
H-003 2 4 1
H-003 2 4 -1
H-003 2 4 -1
H-003 3 1 2
H-003 3 1 1
H-003 3 1 1
H-003 4 1 -2
H-003 4 1 0
H-003 4 1 -1
H-003 4 3 -2
H-003 4 3 -1
H-003 4 3 -1
H-003 4 5 1
H-003 4 5 2
H-003 4 5 1
H-003 5 2 -1
H-003 5 2 -1
H-003 5 2 -1
H-003 5 3 -2
H-003 5 3 -1
H-003 5 3 -1
H-004 1 2 1
H-004 1 2 1
H-004 1 2 1
H-004 1 5 0
H-004 1 5 1
H-004 1 5 1
H-004 2 3 -1
H-004 2 3 -2
H-004 2 3 -1
H-004 2 4 -1
H-004 2 4 -1
H-004 2 4 -1
H-004 3 1 1
H-004 3 1 2
H-004 3 1 1
H-004 4 1 1
H-004 4 1 2
H-004 4 1 1
H-004 4 3 0
H-004 4 3 1
H-004 4 3 1
H-004 4 5 1
H-004 4 5 1
H-004 4 5 1
H-004 5 2 0
H-004 5 2 0
H-004 5 2 -1
H-004 5 3 0
H-004 5 3 -1
H-004 5 3 -1
H-005 1 2 -2
H-005 1 2 -2
H-005 1 2 -2
H-005 1 5 -2
H-005 1 5 -1
H-005 1 5 0
H-005 2 3 -1
H-005 2 3 -1
H-005 2 3 0
H-005 2 4 1
H-005 2 4 1
H-005 2 4 2
H-005 3 1 -1
H-005 3 1 2
H-005 3 1 2
H-005 4 1 2
H-005 4 1 1
H-005 4 1 1
H-005 4 3 -1
H-005 4 3 -1
H-005 4 3 -2
H-005 4 5 1
H-005 4 5 1
H-005 4 5 2
H-005 5 2 -1
H-005 5 2 -1
H-005 5 2 -1
H-005 5 3 -2
H-005 5 3 -2
H-005 5 3 -2
H-006 1 2 1
H-006 1 2 2
H-006 1 2 -2
H-006 1 5 -1
H-006 1 5 1
H-006 1 5 0
H-006 2 3 -1
H-006 2 3 -2
H-006 2 3 0
H-006 2 4 1
H-006 2 4 1
H-006 2 4 -2
H-006 3 1 1
H-006 3 1 2
H-006 3 1 1
H-006 4 1 -1
H-006 4 1 -2
H-006 4 1 1
H-006 4 3 -1
H-006 4 3 1
H-006 4 3 1
H-006 4 5 0
H-006 4 5 1
H-006 4 5 1
H-006 5 2 -1
H-006 5 2 -1
H-006 5 2 -1
H-006 5 3 -2
H-006 5 3 -2
H-006 5 3 -2
H-007 1 2 1
H-007 1 2 1
H-007 1 2 0
H-007 1 5 1
H-007 1 5 1
H-007 1 5 1
H-007 2 3 -1
H-007 2 3 1
H-007 2 3 -1
H-007 2 4 -1
H-007 2 4 1
H-007 2 4 -1
H-007 3 1 1
H-007 3 1 -2
H-007 3 1 0
H-007 4 1 0
H-007 4 1 -1
H-007 4 1 1
H-007 4 3 -1
H-007 4 3 1
H-007 4 3 0
H-007 4 5 0
H-007 4 5 1
H-007 4 5 1
H-007 5 2 1
H-007 5 2 -1
H-007 5 2 0
H-007 5 3 0
H-007 5 3 -1
H-007 5 3 0
H-008 1 2 -1
H-008 1 2 -2
H-008 1 2 -2
H-008 1 5 -1
H-008 1 5 -1
H-008 1 5 -2
H-008 2 3 2
H-008 2 3 2
H-008 2 3 -2
H-008 2 4 -2
H-008 2 4 -2
H-008 2 4 -2
H-008 3 1 1
H-008 3 1 1
H-008 3 1 1
H-008 4 1 2
H-008 4 1 2
H-008 4 1 2
H-008 4 3 2
H-008 4 3 2
H-008 4 3 2
H-008 4 5 2
H-008 4 5 2
H-008 4 5 2
H-008 5 2 1
H-008 5 2 -1
H-008 5 2 -2
H-008 5 3 -2
H-008 5 3 -1
H-008 5 3 -2
H-009 1 2 -1
H-009 1 2 -2
H-009 1 5 1
H-009 1 5 1
H-009 2 3 1
H-009 2 3 0
H-009 2 4 1
H-009 2 4 0
H-009 3 1 1
H-009 3 1 1
H-009 4 1 -1
H-009 4 1 -1
H-009 4 3 -1
H-009 4 3 0
H-009 4 5 1
H-009 4 5 1
H-009 5 2 -1
H-009 5 2 -2
H-009 5 3 -1
H-009 5 3 -2
H-010 1 2 1
H-010 1 2 2
H-010 1 5 1
H-010 1 5 1
H-010 2 3 1
H-010 2 3 1
H-010 2 4 -1
H-010 2 4 -2
H-010 3 1 -1
H-010 3 1 -1
H-010 4 1 1
H-010 4 1 2
H-010 4 3 1
H-010 4 3 2
H-010 4 5 -1
H-010 4 5 1
H-010 5 2 -1
H-010 5 2 -1
H-010 5 3 1
H-010 5 3 0
H-011 1 2 1
H-011 1 2 2
H-011 1 5 1
H-011 1 5 2
H-011 2 3 -2
H-011 2 3 -2
H-011 2 4 -1
H-011 2 4 0
H-011 3 1 2
H-011 3 1 -2
H-011 4 1 1
H-011 4 1 -2
H-011 4 3 -1
H-011 4 3 -2
H-011 4 5 1
H-011 4 5 0
H-011 5 2 -1
H-011 5 2 1
H-011 5 3 -2
H-011 5 3 -1
H-012 1 2 1
H-012 1 2 0
H-012 1 5 0
H-012 1 5 1
H-012 2 3 -1
H-012 2 3 0
H-012 2 4 0
H-012 2 4 0
H-012 3 1 -1
H-012 3 1 -1
H-012 4 1 -1
H-012 4 1 -2
H-012 4 3 0
H-012 4 3 0
H-012 4 5 1
H-012 4 5 -1
H-012 5 2 0
H-012 5 2 0
H-012 5 3 1
H-012 5 3 0
H-013 1 2 2
H-013 1 2 -2
H-013 1 5 1
H-013 1 5 1
H-013 2 3 -1
H-013 2 3 2
H-013 2 4 1
H-013 2 4 2
H-013 3 1 -1
H-013 3 1 -1
H-013 4 1 -1
H-013 4 1 2
H-013 4 3 -1
H-013 4 3 -1
H-013 4 5 1
H-013 4 5 1
H-013 5 2 0
H-013 5 2 -2
H-013 5 3 -1
H-013 5 3 -2
H-014 1 2 2
H-014 1 2 1
H-014 1 5 2
H-014 1 5 1
H-014 2 3 -1
H-014 2 3 -2
H-014 2 4 0
H-014 2 4 1
H-014 3 1 -1
H-014 3 1 2
H-014 4 1 -1
H-014 4 1 -2
H-014 4 3 0
H-014 4 3 -1
H-014 4 5 -1
H-014 4 5 1
H-014 5 2 1
H-014 5 2 -1
H-014 5 3 -1
H-014 5 3 -1
H-015 1 2 -2
H-015 1 2 -1
H-015 1 5 0
H-015 1 5 1
H-015 2 3 -1
H-015 2 3 1
H-015 2 4 -1
H-015 2 4 -1
H-015 3 1 1
H-015 3 1 1
H-015 4 1 1
H-015 4 1 1
H-015 4 3 1
H-015 4 3 1
H-015 4 5 1
H-015 4 5 1
H-015 5 2 -1
H-015 5 2 -1
H-015 5 3 -1
H-015 5 3 -1
H-016 1 2 2
H-016 1 2 2
H-016 1 5 2
H-016 1 5 2
H-016 2 3 -2
H-016 2 3 -2
H-016 2 4 -1
H-016 2 4 -1
H-016 3 1 -2
H-016 3 1 1
H-016 4 1 -2
H-016 4 1 -2
H-016 4 3 -2
H-016 4 3 -2
H-016 4 5 -2
H-016 4 5 -1
H-016 5 2 2
H-016 5 2 1
H-016 5 3 -2
H-016 5 3 -2
H-017 1 2 1
H-017 1 2 1
H-017 1 2 2
H-017 1 5 -1
H-017 1 5 0
H-017 1 5 -1
H-017 2 3 -1
H-017 2 3 -2
H-017 2 3 -2
H-017 2 4 -1
H-017 2 4 -1
H-017 2 4 -1
H-017 2 4 -2
H-017 3 1 1
H-017 3 1 1
H-017 3 1 1
H-017 4 1 1
H-017 4 1 1
H-017 4 1 2
H-017 4 3 -1
H-017 4 3 -1
H-017 4 3 -1
H-017 4 5 1
H-017 4 5 1
H-017 4 5 2
H-017 5 2 1
H-017 5 2 0
H-017 5 2 0
H-017 5 3 -1
H-017 5 3 -1
H-017 5 3 -2
H-018 1 2 1
H-018 1 2 -2
H-018 1 5 1
H-018 1 5 0
H-018 1 5 1
H-018 2 3 -2
H-018 2 3 -2
H-018 2 3 -1
H-018 2 4 -1
H-018 2 4 -2
H-018 2 4 -2
H-018 3 1 2
H-018 3 1 2
H-018 3 1 2
H-018 4 1 1
H-018 4 1 1
H-018 4 1 2
H-018 4 3 -1
H-018 4 3 -1
H-018 4 3 2
H-018 4 5 1
H-018 4 5 2
H-018 4 5 2
H-018 5 2 0
H-018 5 2 2
H-018 5 2 -1
H-018 5 3 -1
H-018 5 3 -2
H-018 5 3 -2
H-019 1 2 1
H-019 1 2 2
H-019 1 2 2
H-019 1 5 1
H-019 1 5 1
H-019 1 5 1
H-019 2 3 -1
H-019 2 3 -1
H-019 2 3 -1
H-019 2 3 -1
H-019 2 3 -2
H-019 2 4 -1
H-019 2 4 -1
H-019 2 4 -1
H-019 3 1 1
H-019 3 1 1
H-019 4 1 -1
H-019 4 1 1
H-019 4 3 0
H-019 4 3 -1
H-019 4 3 -1
H-019 4 5 1
H-019 4 5 1
H-019 4 5 2
H-019 5 2 1
H-019 5 2 0
H-019 5 2 0
H-019 5 3 -1
H-019 5 3 -1
H-019 5 3 -2
H-020 1 2 1
H-020 1 2 1
H-020 1 2 1
H-020 1 5 1
H-020 1 5 1
H-020 1 5 0
H-020 2 3 -1
H-020 2 3 -1
H-020 2 3 -1
H-020 2 4 0
H-020 2 4 0
H-020 2 4 1
H-020 3 1 1
H-020 3 1 1
H-020 3 1 1
H-020 4 1 -1
H-020 4 1 -2
H-020 4 1 0
H-020 4 3 -1
H-020 4 3 -1
H-020 4 3 -1
H-020 4 5 -1
H-020 4 5 0
H-020 4 5 1
H-020 5 2 1
H-020 5 2 2
H-020 5 2 -1
H-020 5 3 -1
H-020 5 3 -1
H-020 5 3 -2
H-021 1 2 -2
H-021 1 2 1
H-021 1 2 -2
H-021 1 5 1
H-021 1 5 0
H-021 1 5 1
H-021 2 3 1
H-021 2 3 -1
H-021 2 3 -2
H-021 2 4 1
H-021 2 4 0
H-021 2 4 1
H-021 3 1 1
H-021 3 1 1
H-021 3 1 1
H-021 4 1 -1
H-021 4 1 -2
H-021 4 1 0
H-021 4 3 -1
H-021 4 3 -2
H-021 4 3 -2
H-021 4 5 1
H-021 4 5 -1
H-021 4 5 -1
H-021 5 2 -2
H-021 5 2 2
H-021 5 2 -1
H-021 5 3 -2
H-021 5 3 -2
H-021 5 3 -2
H-022 1 2 -1
H-022 1 2 -1
H-022 1 2 -2
H-022 1 5 -1
H-022 1 5 1
H-022 1 5 1
H-022 2 3 1
H-022 2 3 2
H-022 2 3 1
H-022 2 4 1
H-022 2 4 1
H-022 2 4 1
H-022 3 1 1
H-022 3 1 -1
H-022 3 1 0
H-022 4 1 -1
H-022 4 1 -2
H-022 4 1 -1
H-022 4 3 0
H-022 4 3 0
H-022 4 3 -1
H-022 4 5 0
H-022 4 5 -2
H-022 4 5 0
H-022 5 2 -1
H-022 5 2 -1
H-022 5 2 -1
H-022 5 3 -2
H-022 5 3 1
H-022 5 3 -1
H-023 1 2 -1
H-023 1 2 1
H-023 1 2 -2
H-023 1 5 1
H-023 1 5 2
H-023 1 5 1
H-023 2 3 1
H-023 2 3 -1
H-023 2 3 2
H-023 2 4 2
H-023 2 4 0
H-023 2 4 2
H-023 3 1 -1
H-023 3 1 1
H-023 3 1 1
H-023 4 1 -1
H-023 4 1 -2
H-023 4 1 -1
H-023 4 3 -1
H-023 4 3 -1
H-023 4 3 -1
H-023 4 5 -1
H-023 4 5 -1
H-023 4 5 1
H-023 5 2 -1
H-023 5 2 0
H-023 5 2 -2
H-023 5 3 -1
H-023 5 3 -1
H-023 5 3 -1
H-024 1 2 -1
H-024 1 2 -2
H-024 1 2 -2
H-024 1 5 1
H-024 1 5 2
H-024 1 5 1
H-024 2 3 -2
H-024 2 3 0
H-024 2 3 -2
H-024 2 4 1
H-024 2 4 -1
H-024 2 4 1
H-024 3 1 2
H-024 3 1 1
H-024 3 1 2
H-024 4 1 -1
H-024 4 1 -1
H-024 4 1 1
H-024 4 3 -2
H-024 4 3 -1
H-024 4 3 -2
H-024 4 5 1
H-024 4 5 0
H-024 4 5 1
H-024 5 2 -1
H-024 5 2 -1
H-024 5 2 -1
H-024 5 3 -2
H-024 5 3 -2
H-024 5 3 -2
H-025 1 2 -1
H-025 1 2 1
H-025 1 2 -2
H-025 1 5 1
H-025 1 5 1
H-025 1 5 2
H-025 2 3 -1
H-025 2 3 -1
H-025 2 3 2
H-025 2 4 0
H-025 2 4 -1
H-025 2 4 2
H-025 3 1 1
H-025 3 1 0
H-025 3 1 2
H-025 4 1 1
H-025 4 1 -1
H-025 4 1 2
H-025 4 3 -1
H-025 4 3 1
H-025 4 3 -2
H-025 4 5 1
H-025 4 5 2
H-025 4 5 2
H-025 5 2 0
H-025 5 2 -1
H-025 5 2 -2
H-025 5 3 -1
H-025 5 3 1
H-025 5 3 -2
H-026 1 2 2
H-026 1 2 2
H-026 1 2 2
H-026 1 5 1
H-026 1 5 1
H-026 2 3 1
H-026 2 3 -1
H-026 2 3 2
H-026 2 4 -1
H-026 2 4 1
H-026 3 1 1
H-026 3 1 1
H-026 3 1 1
H-026 3 1 1
H-026 3 1 1
H-026 3 1 1
H-026 3 1 1
H-026 3 1 1
H-026 3 1 1
H-026 3 1 1
H-026 3 1 1
H-026 3 1 1
H-026 3 1 2
H-026 3 1 1
H-026 3 1 2
H-026 3 1 1
H-026 3 1 1
H-026 3 1 1
H-026 3 1 -1
H-026 3 1 -2
H-026 4 1 -1
H-026 4 1 -1
H-026 4 3 0
H-026 4 3 -2
H-026 4 5 2
H-026 4 5 0
H-026 4 5 2
H-026 5 2 -1
H-026 5 2 0
H-026 5 3 -2
H-026 5 3 1
H-026 5 3 -2
H-027 1 2 2
H-027 1 2 2
H-027 1 5 2
H-027 1 5 2
H-027 2 3 1
H-027 2 3 2
H-027 2 4 1
H-027 2 4 1
H-027 3 1 -1
H-027 3 1 2
H-027 4 1 -1
H-027 4 1 -1
H-027 4 3 0
H-027 4 3 -2
H-027 4 5 -2
H-027 4 5 0
H-027 5 2 1
H-027 5 2 -1
H-027 5 3 1
H-027 5 3 -2
H-028 1 2 2
H-028 1 2 1
H-028 1 5 2
H-028 1 5 1
H-028 1 5 1
H-028 2 3 1
H-028 2 3 1
H-028 2 3 -1
H-028 2 4 1
H-028 2 4 1
H-028 2 4 1
H-028 3 1 -2
H-028 3 1 -1
H-028 3 1 -1
H-028 4 1 -2
H-028 4 1 -1
H-028 4 1 -1
H-028 4 3 0
H-028 4 3 0
H-028 4 3 -1
H-028 4 5 1
H-028 4 5 0
H-028 4 5 1
H-028 5 2 0
H-028 5 2 -1
H-028 5 2 -1
H-028 5 3 -1
H-028 5 3 -2
H-029 1 2 1
H-029 1 2 2
H-029 1 5 2
H-029 1 5 2
H-029 2 3 0
H-029 2 3 0
H-029 2 4 1
H-029 2 4 1
H-029 3 1 -1
H-029 3 1 -2
H-029 4 1 -1
H-029 4 1 -1
H-029 4 3 -1
H-029 4 3 -2
H-029 4 5 0
H-029 4 5 1
H-029 5 2 -1
H-029 5 2 -1
H-029 5 3 0
H-029 5 3 -2
H-030 1 2 2
H-030 1 2 1
H-030 1 5 2
H-030 1 5 1
H-030 2 3 2
H-030 2 3 2
H-030 2 4 1
H-030 2 4 1
H-030 3 1 -2
H-030 3 1 1
H-030 4 1 -1
H-030 4 1 -2
H-030 4 3 -2
H-030 4 3 0
H-030 4 5 1
H-030 4 5 0
H-030 5 2 0
H-030 5 2 -1
H-030 5 3 0
H-030 5 3 -2
H-031 1 2 2
H-031 1 2 2
H-031 1 5 2
H-031 1 5 2
H-031 2 3 -2
H-031 2 3 -2
H-031 2 4 2
H-031 2 4 -1
H-031 3 1 2
H-031 3 1 -2
H-031 4 1 -2
H-031 4 1 -2
H-031 4 3 -2
H-031 4 3 -2
H-031 4 5 1
H-031 4 5 2
H-031 5 2 0
H-031 5 2 -2
H-031 5 3 -2
H-031 5 3 -2
H-032 1 2 2
H-032 1 2 1
H-032 1 5 2
H-032 1 5 1
H-032 2 3 1
H-032 2 3 -1
H-032 2 4 1
H-032 2 4 2
H-032 3 1 -2
H-032 3 1 -1
H-032 4 1 -2
H-032 4 1 -2
H-032 4 3 0
H-032 4 3 -1
H-032 4 5 0
H-032 4 5 2
H-032 5 2 -1
H-032 5 2 -1
H-032 5 3 0
H-032 5 3 -2
H-033 1 2 2
H-033 1 2 -2
H-033 1 5 2
H-033 1 5 1
H-033 2 3 -2
H-033 2 3 -2
H-033 2 3 1
H-033 2 4 -2
H-033 2 4 1
H-033 2 4 1
H-033 3 1 2
H-033 3 1 1
H-033 3 1 0
H-033 3 1 0
H-033 3 1 1
H-033 4 1 2
H-033 4 1 -1
H-033 4 3 -2
H-033 4 3 -1
H-033 4 5 2
H-033 4 5 0
H-033 5 2 -2
H-033 5 2 -1
H-033 5 2 -1
H-033 5 2 0
H-033 5 2 -1
H-033 5 3 -2
H-033 5 3 -2
H-034 1 2 2
H-034 1 2 0
H-034 1 5 2
H-034 1 5 0
H-034 1 5 0
H-034 2 3 -1
H-034 2 3 1
H-034 2 3 1
H-034 2 4 1
H-034 2 4 1
H-034 2 4 1
H-034 3 1 -1
H-034 3 1 -1
H-034 3 1 -1
H-034 4 1 -1
H-034 4 1 -1
H-034 4 3 -1
H-034 4 3 2
H-034 4 3 0
H-034 4 5 -1
H-034 4 5 -2
H-034 4 5 -1
H-034 5 2 -2
H-034 5 2 -1
H-034 5 2 -1
H-034 5 2 0
H-034 5 3 -1
H-034 5 3 -2
H-034 5 3 1
H-035 1 2 2
H-035 1 2 2
H-035 1 2 2
H-035 1 5 2
H-035 1 5 1
H-035 1 5 2
H-035 2 3 -2
H-035 2 3 -2
H-035 2 3 1
H-035 2 4 1
H-035 2 4 -1
H-035 2 4 0
H-035 3 1 -2
H-035 3 1 2
H-035 3 1 -1
H-035 4 1 -2
H-035 4 1 1
H-035 4 1 -1
H-035 4 3 -2
H-035 4 3 -1
H-035 4 3 0
H-035 4 5 2
H-035 4 5 -2
H-035 4 5 2
H-035 5 2 -1
H-035 5 2 -1
H-035 5 2 -1
H-035 5 3 -2
H-035 5 3 2
H-035 5 3 -1
H-036 1 2 2
H-036 1 2 2
H-036 1 2 1
H-036 1 5 2
H-036 1 5 1
H-036 2 3 -1
H-036 2 3 0
H-036 2 4 0
H-036 2 4 0
H-036 2 4 0
H-036 2 4 0
H-036 3 1 -1
H-036 3 1 -1
H-036 4 1 -1
H-036 4 1 -1
H-036 4 3 0
H-036 4 3 0
H-036 4 5 0
H-036 4 5 0
H-036 4 5 0
H-036 4 5 0
H-036 4 5 0
H-036 4 5 0
H-036 4 5 0
H-036 4 5 0
H-036 5 2 -1
H-036 5 2 0
H-036 5 2 0
H-036 5 2 -1
H-036 5 3 -2
H-036 5 3 0
H-036 5 3 -1
H-037 1 2 0
H-037 1 2 1
H-037 1 2 2
H-037 1 5 1
H-037 1 5 1
H-037 1 5 0
H-037 1 5 0
H-037 1 5 0
H-037 1 5 1
H-037 2 3 -1
H-037 2 3 -2
H-037 2 3 1
H-037 2 3 0
H-037 2 4 1
H-037 2 4 1
H-037 2 4 0
H-037 3 1 0
H-037 3 1 1
H-037 3 1 0
H-037 3 1 0
H-037 3 1 0
H-037 3 1 -1
H-037 4 1 -1
H-037 4 1 -1
H-037 4 1 0
H-037 4 1 -1
H-037 4 3 -1
H-037 4 3 1
H-037 4 3 0
H-037 4 5 0
H-037 4 5 -1
H-037 4 5 2
H-037 4 5 0
H-037 5 2 0
H-037 5 2 -1
H-037 5 2 -1
H-037 5 3 -1
H-037 5 3 -1
H-037 5 3 -1
H-037 5 3 -1
H-038 1 2 0
H-038 1 2 -1
H-038 1 2 -2
H-038 1 5 1
H-038 1 5 -1
H-038 1 5 1
H-038 2 3 -1
H-038 2 3 -2
H-038 2 3 0
H-038 2 3 0
H-038 2 3 0
H-038 2 3 1
H-038 2 4 0
H-038 2 4 -1
H-038 2 4 1
H-038 2 4 1
H-038 2 4 1
H-038 3 1 -1
H-038 3 1 1
H-038 3 1 1
H-038 4 1 0
H-038 4 1 1
H-038 4 1 -1
H-038 4 3 1
H-038 4 3 -2
H-038 4 3 0
H-038 4 3 -1
H-038 4 5 0
H-038 4 5 -1
H-038 4 5 1
H-038 5 2 0
H-038 5 2 -1
H-038 5 2 0
H-038 5 2 -1
H-038 5 3 0
H-038 5 3 -1
H-038 5 3 0
H-038 5 3 0
H-038 5 3 0
H-038 5 3 -1
H-039 1 2 0
H-039 1 2 1
H-039 1 2 2
H-039 1 5 1
H-039 1 5 1
H-039 1 5 2
H-039 1 5 1
H-039 2 3 -1
H-039 2 3 -1
H-039 2 3 -1
H-039 2 3 -1
H-039 2 4 0
H-039 2 4 1
H-039 2 4 0
H-039 2 4 0
H-039 2 4 0
H-039 2 4 0
H-039 2 4 0
H-039 3 1 1
H-039 3 1 -1
H-039 3 1 -1
H-039 3 1 -1
H-039 4 1 0
H-039 4 1 -1
H-039 4 1 0
H-039 4 1 -1
H-039 4 3 -1
H-039 4 3 -1
H-039 4 3 1
H-039 4 3 -1
H-039 4 5 0
H-039 4 5 -1
H-039 4 5 -1
H-039 4 5 0
H-039 5 2 0
H-039 5 2 -1
H-039 5 2 0
H-039 5 2 0
H-039 5 3 -1
H-039 5 3 -1
H-039 5 3 -2
H-039 5 3 -1
H-040 1 2 0
H-040 1 2 1
H-040 1 2 1
H-040 1 5 0
H-040 1 5 2
H-040 1 5 0
H-040 2 3 0
H-040 2 3 1
H-040 2 3 1
H-040 2 3 1
H-040 2 4 0
H-040 2 4 1
H-040 2 4 0
H-040 2 4 0
H-040 2 4 0
H-040 2 4 0
H-040 2 4 1
H-040 3 1 1
H-040 3 1 -1
H-040 3 1 -2
H-040 3 1 0
H-040 4 1 1
H-040 4 1 -2
H-040 4 1 0
H-040 4 3 0
H-040 4 3 1
H-040 4 3 0
H-040 4 3 0
H-040 4 3 0
H-040 4 5 0
H-040 4 5 0
H-040 4 5 1
H-040 5 2 0
H-040 5 2 2
H-040 5 2 0
H-040 5 2 0
H-040 5 2 0
H-040 5 2 0
H-040 5 3 0
H-040 5 3 1
H-040 5 3 0
H-041 1 2 2
H-041 1 2 1
H-041 1 2 2
H-041 1 5 2
H-041 1 5 1
H-041 1 5 1
H-041 2 3 2
H-041 2 3 -1
H-041 2 3 0
H-041 2 4 1
H-041 2 4 1
H-041 3 1 2
H-041 3 1 1
H-041 3 1 0
H-041 3 1 -1
H-041 4 1 0
H-041 4 1 -1
H-041 4 1 -1
H-041 4 1 -1
H-041 4 1 -1
H-041 4 3 -2
H-041 4 3 -1
H-041 4 5 2
H-041 4 5 0
H-041 4 5 0
H-041 5 2 0
H-041 5 2 -1
H-041 5 2 0
H-041 5 3 -1
H-041 5 3 -1
H-041 5 3 -1
H-042 1 2 0
H-042 1 2 -1
H-042 1 5 1
H-042 1 5 1
H-042 1 5 1
H-042 2 3 1
H-042 2 3 1
H-042 2 3 1
H-042 2 4 0
H-042 2 4 1
H-042 2 4 1
H-042 3 1 1
H-042 3 1 1
H-042 3 1 -1
H-042 4 1 1
H-042 4 1 1
H-042 4 1 -1
H-042 4 3 0
H-042 4 3 -1
H-042 4 3 0
H-042 4 5 2
H-042 4 5 0
H-042 4 5 0
H-042 5 2 -1
H-042 5 2 -1
H-042 5 2 -1
H-042 5 3 0
H-042 5 3 -1
H-042 5 3 -1
H-043 1 2 2
H-043 1 2 1
H-043 1 2 1
H-043 1 5 2
H-043 1 5 1
H-043 1 5 1
H-043 2 3 -2
H-043 2 3 -1
H-043 2 3 -1
H-043 2 4 1
H-043 2 4 0
H-043 3 1 2
H-043 3 1 1
H-043 3 1 -1
H-043 4 1 -2
H-043 4 1 -1
H-043 4 1 -1
H-043 4 1 -1
H-043 4 3 -2
H-043 4 3 -1
H-043 4 3 -1
H-043 4 5 1
H-043 4 5 1
H-043 4 5 1
H-043 5 2 -1
H-043 5 2 -1
H-043 5 2 -1
H-043 5 3 -2
H-043 5 3 -1
H-043 5 3 -1
H-044 1 2 1
H-044 1 2 1
H-044 1 2 1
H-044 1 5 2
H-044 1 5 1
H-044 1 5 1
H-044 2 3 -1
H-044 2 3 0
H-044 2 3 0
H-044 2 4 1
H-044 2 4 1
H-044 2 4 1
H-044 3 1 1
H-044 3 1 -1
H-044 3 1 0
H-044 4 1 0
H-044 4 1 -1
H-044 4 1 -1
H-044 4 3 -1
H-044 4 3 -1
H-044 4 3 0
H-044 4 5 0
H-044 4 5 1
H-044 4 5 0
H-044 5 2 -2
H-044 5 2 -2
H-044 5 2 0
H-044 5 3 -1
H-044 5 3 -1
H-044 5 3 -1
H-045 1 2 -1
H-045 1 2 -1
H-045 1 2 1
H-045 1 5 1
H-045 1 5 1
H-045 1 5 1
H-045 2 3 -1
H-045 2 3 -1
H-045 2 3 -1
H-045 2 4 0
H-045 2 4 -1
H-045 2 4 0
H-045 3 1 1
H-045 3 1 1
H-045 3 1 -1
H-045 4 1 0
H-045 4 1 -1
H-045 4 1 -1
H-045 4 3 -1
H-045 4 3 -1
H-045 4 3 -1
H-045 4 5 1
H-045 4 5 1
H-045 4 5 0
H-045 5 2 -1
H-045 5 2 -1
H-045 5 2 -1
H-045 5 3 -2
H-045 5 3 -1
H-045 5 3 -1
H-046 1 2 1
H-046 1 2 1
H-046 1 2 1
H-046 1 5 2
H-046 1 5 1
H-046 1 5 1
H-046 2 3 -1
H-046 2 3 0
H-046 2 3 1
H-046 2 4 1
H-046 2 4 1
H-046 2 4 1
H-046 3 1 1
H-046 3 1 -1
H-046 3 1 -1
H-046 4 1 -2
H-046 4 1 -1
H-046 4 1 -1
H-046 4 3 0
H-046 4 3 -1
H-046 4 3 -1
H-046 4 5 1
H-046 4 5 1
H-046 4 5 0
H-046 5 2 -2
H-046 5 2 -1
H-046 5 2 -1
H-046 5 3 -1
H-046 5 3 -1
H-046 5 3 -1
H-047 1 2 1
H-047 1 2 -1
H-047 1 2 1
H-047 1 5 0
H-047 1 5 1
H-047 1 5 1
H-047 2 3 0
H-047 2 3 -1
H-047 2 3 1
H-047 2 4 -1
H-047 2 4 1
H-047 2 4 0
H-047 3 1 -1
H-047 3 1 1
H-047 3 1 -1
H-047 4 1 1
H-047 4 1 -1
H-047 4 1 -1
H-047 4 3 1
H-047 4 3 -1
H-047 4 3 0
H-047 4 5 2
H-047 4 5 1
H-047 4 5 -1
H-047 5 2 0
H-047 5 2 -1
H-047 5 2 1
H-047 5 3 -1
H-047 5 3 -1
H-047 5 3 1
H-048 1 2 -1
H-048 1 2 -1
H-048 1 2 0
H-048 1 5 1
H-048 1 5 1
H-048 1 5 1
H-048 2 3 -1
H-048 2 3 1
H-048 2 3 1
H-048 2 4 -1
H-048 2 4 1
H-048 2 4 0
H-048 3 1 1
H-048 3 1 1
H-048 3 1 -1
H-048 4 1 1
H-048 4 1 1
H-048 4 1 -1
H-048 4 3 -1
H-048 4 3 1
H-048 4 3 0
H-048 4 5 1
H-048 4 5 1
H-048 4 5 1
H-048 5 2 -1
H-048 5 2 -1
H-048 5 2 -1
H-048 5 3 -1
H-048 5 3 -1
H-048 5 3 -1
H-049 1 2 -2
H-049 1 2 -2
H-049 1 2 1
H-049 1 5 -1
H-049 1 5 -2
H-049 1 5 1
H-049 2 3 0
H-049 2 3 -2
H-049 2 3 1
H-049 2 4 -1
H-049 2 4 -2
H-049 2 4 1
H-049 3 1 1
H-049 3 1 2
H-049 3 1 -1
H-049 4 1 1
H-049 4 1 2
H-049 4 1 -1
H-049 4 3 -1
H-049 4 3 2
H-049 4 3 0
H-049 4 5 2
H-049 4 5 2
H-049 4 5 -1
H-049 5 2 -1
H-049 5 2 2
H-049 5 2 -1
H-049 5 3 -1
H-049 5 3 2
H-049 5 3 1
H-050 1 2 1
H-050 1 2 2
H-050 1 2 1
H-050 1 5 1
H-050 1 5 2
H-050 1 5 1
H-050 2 3 -2
H-050 2 3 2
H-050 2 3 1
H-050 2 4 1
H-050 2 4 2
H-050 2 4 1
H-050 3 1 2
H-050 3 1 -2
H-050 3 1 0
H-050 4 1 0
H-050 4 1 -2
H-050 4 1 -1
H-050 4 3 -2
H-050 4 3 2
H-050 4 3 -1
H-050 4 5 1
H-050 4 5 2
H-050 4 5 1
H-050 5 2 0
H-050 5 2 -2
H-050 5 2 -1
H-050 5 3 -2
H-050 5 3 -2
H-050 5 3 -1
H-051 1 2 1
H-051 1 2 2
H-051 1 2 1
H-051 1 5 0
H-051 1 5 2
H-051 1 5 1
H-051 2 3 0
H-051 2 3 -1
H-051 2 3 1
H-051 2 4 0
H-051 2 4 -2
H-051 2 4 1
H-051 3 1 2
H-051 3 1 -2
H-051 3 1 -1
H-051 4 1 -1
H-051 4 1 2
H-051 4 1 -2
H-051 4 3 -2
H-051 4 3 2
H-051 4 3 0
H-051 4 5 -2
H-051 4 5 2
H-051 4 5 -1
H-051 5 2 0
H-051 5 2 2
H-051 5 2 0
H-051 5 3 0
H-051 5 3 2
H-051 5 3 0
H-052 1 2 -1
H-052 1 2 0
H-052 1 2 1
H-052 1 5 1
H-052 1 5 2
H-052 1 5 1
H-052 2 3 0
H-052 2 3 2
H-052 2 3 2
H-052 2 3 1
H-052 2 4 0
H-052 2 4 -2
H-052 2 4 0
H-052 3 1 1
H-052 3 1 -1
H-052 4 1 0
H-052 4 1 2
H-052 4 1 -1
H-052 4 3 0
H-052 4 3 2
H-052 4 3 0
H-052 4 5 1
H-052 4 5 2
H-052 4 5 1
H-052 5 2 -1
H-052 5 2 -2
H-052 5 2 -1
H-052 5 3 -1
H-052 5 3 -2
H-052 5 3 -1
H-053 1 2 0
H-053 1 2 1
H-053 1 5 0
H-053 1 5 1
H-053 2 3 0
H-053 2 3 0
H-053 2 4 0
H-053 2 4 0
H-053 3 1 1
H-053 3 1 -1
H-053 4 1 0
H-053 4 1 -1
H-053 4 3 0
H-053 4 3 0
H-053 4 5 0
H-053 4 5 0
H-053 5 2 -1
H-053 5 2 0
H-053 5 3 -1
H-053 5 3 1
H-054 1 2 -1
H-054 1 2 1
H-054 1 5 0
H-054 1 5 1
H-054 2 3 0
H-054 2 3 1
H-054 2 4 1
H-054 2 4 0
H-054 3 1 0
H-054 3 1 -1
H-054 4 1 -1
H-054 4 1 -1
H-054 4 3 0
H-054 4 3 0
H-054 4 5 0
H-054 4 5 0
H-054 5 2 0
H-054 5 2 -1
H-054 5 3 1
H-054 5 3 -1
H-055 1 2 -1
H-055 1 2 1
H-055 1 5 1
H-055 1 5 1
H-055 2 3 0
H-055 2 3 1
H-055 2 4 1
H-055 2 4 0
H-055 3 1 -1
H-055 3 1 -1
H-055 4 1 -1
H-055 4 1 -1
H-055 4 3 -1
H-055 4 3 0
H-055 4 5 0
H-055 4 5 1
H-055 5 2 0
H-055 5 2 -1
H-055 5 3 1
H-055 5 3 0
H-056 1 2 -1
H-056 1 2 0
H-056 1 5 0
H-056 1 5 1
H-056 2 3 -1
H-056 2 3 1
H-056 2 4 1
H-056 2 4 1
H-056 3 1 1
H-056 3 1 -1
H-056 4 1 1
H-056 4 1 -1
H-056 4 3 -1
H-056 4 3 0
H-056 4 5 0
H-056 4 5 -1
H-056 5 2 0
H-056 5 2 -1
H-056 5 3 -2
H-056 5 3 -1
H-057 1 2 0
H-057 1 2 0
H-057 1 2 -1
H-057 1 5 1
H-057 1 5 0
H-057 1 5 0
H-057 2 3 -1
H-057 2 3 -1
H-057 2 3 1
H-057 2 4 0
H-057 2 4 -1
H-057 2 4 0
H-057 3 1 1
H-057 3 1 1
H-057 3 1 -1
H-057 4 1 -1
H-057 4 1 -1
H-057 4 1 0
H-057 4 3 -1
H-057 4 3 -1
H-057 4 3 0
H-057 4 5 1
H-057 4 5 0
H-057 4 5 0
H-057 5 2 -1
H-057 5 2 0
H-057 5 2 0
H-057 5 3 -1
H-057 5 3 -1
H-057 5 3 0
H-058 1 2 -1
H-058 1 2 0
H-058 1 2 1
H-058 1 5 1
H-058 1 5 0
H-058 1 5 1
H-058 2 3 1
H-058 2 3 0
H-058 2 3 0
H-058 2 4 1
H-058 2 4 1
H-058 2 4 0
H-058 3 1 -1
H-058 3 1 1
H-058 3 1 -1
H-058 4 1 -1
H-058 4 1 1
H-058 4 1 -1
H-058 4 3 0
H-058 4 3 -1
H-058 4 3 0
H-058 4 5 1
H-058 4 5 1
H-058 4 5 0
H-058 5 2 -1
H-058 5 2 -1
H-058 5 2 0
H-058 5 3 -1
H-058 5 3 -1
H-058 5 3 0
H-059 1 2 0
H-059 1 2 -1
H-059 1 2 2
H-059 1 5 1
H-059 1 5 0
H-059 1 5 2
H-059 2 3 -1
H-059 2 3 0
H-059 2 3 2
H-059 2 4 0
H-059 2 4 0
H-059 2 4 0
H-059 3 1 1
H-059 3 1 1
H-059 3 1 -1
H-059 4 1 -1
H-059 4 1 1
H-059 4 1 -2
H-059 4 3 -1
H-059 4 3 0
H-059 4 3 0
H-059 4 5 0
H-059 4 5 1
H-059 4 5 0
H-059 5 2 -1
H-059 5 2 -1
H-059 5 2 0
H-059 5 3 -1
H-059 5 3 -1
H-059 5 3 -1
H-060 1 2 0
H-060 1 2 -1
H-060 1 2 2
H-060 1 5 1
H-060 1 5 1
H-060 1 5 2
H-060 2 3 0
H-060 2 3 0
H-060 2 3 -1
H-060 2 4 1
H-060 2 4 1
H-060 2 4 0
H-060 3 1 1
H-060 3 1 -1
H-060 3 1 -2
H-060 4 1 -1
H-060 4 1 0
H-060 4 1 -2
H-060 4 3 -1
H-060 4 3 -1
H-060 4 3 0
H-060 4 5 2
H-060 4 5 1
H-060 4 5 0
H-060 5 2 -2
H-060 5 2 -1
H-060 5 2 0
H-060 5 3 -2
H-060 5 3 -1
H-060 5 3 -1
H-061 1 2 1
H-061 1 2 2
H-061 1 2 2
H-061 1 2 2
H-061 1 5 1
H-061 1 5 0
H-061 1 5 1
H-061 1 5 1
H-061 2 3 -1
H-061 2 3 -1
H-061 2 3 -1
H-061 2 3 -2
H-061 2 4 1
H-061 2 4 1
H-061 2 4 0
H-061 2 4 1
H-061 3 1 1
H-061 3 1 1
H-061 3 1 1
H-061 3 1 2
H-061 4 1 -1
H-061 4 1 -1
H-061 4 1 0
H-061 4 1 -1
H-061 4 3 -1
H-061 4 3 -1
H-061 4 3 -1
H-061 4 3 -1
H-061 4 5 0
H-061 4 5 1
H-061 4 5 1
H-061 4 5 0
H-061 5 2 -1
H-061 5 2 -1
H-061 5 2 -1
H-061 5 2 0
H-061 5 3 -2
H-061 5 3 -2
H-061 5 3 -1
H-061 5 3 -2
H-062 1 2 0
H-062 1 2 1
H-062 1 2 0
H-062 1 2 -1
H-062 1 5 0
H-062 1 5 1
H-062 1 5 1
H-062 1 5 0
H-062 2 3 0
H-062 2 3 1
H-062 2 3 0
H-062 2 3 1
H-062 2 4 -1
H-062 2 4 1
H-062 2 4 0
H-062 2 4 1
H-062 3 1 1
H-062 3 1 -2
H-062 3 1 0
H-062 3 1 -1
H-062 4 1 1
H-062 4 1 -1
H-062 4 1 1
H-062 4 1 1
H-062 4 3 1
H-062 4 3 0
H-062 4 3 -1
H-062 4 3 1
H-062 4 5 1
H-062 4 5 -1
H-062 4 5 1
H-062 4 5 1
H-062 5 2 -1
H-062 5 2 -1
H-062 5 2 0
H-062 5 2 -1
H-062 5 3 -1
H-062 5 3 -1
H-062 5 3 0
H-062 5 3 0
H-063 1 2 0
H-063 1 2 1
H-063 1 2 -1
H-063 1 2 1
H-063 1 5 1
H-063 1 5 1
H-063 1 5 0
H-063 1 5 1
H-063 2 3 1
H-063 2 3 1
H-063 2 3 1
H-063 2 3 0
H-063 2 4 1
H-063 2 4 2
H-063 2 4 1
H-063 2 4 0
H-063 3 1 -1
H-063 3 1 -1
H-063 3 1 0
H-063 3 1 -1
H-063 4 1 -1
H-063 4 1 -2
H-063 4 1 0
H-063 4 1 0
H-063 4 3 0
H-063 4 3 0
H-063 4 3 0
H-063 4 3 0
H-063 4 5 -1
H-063 4 5 -1
H-063 4 5 -1
H-063 4 5 0
H-063 5 2 0
H-063 5 2 -1
H-063 5 2 0
H-063 5 2 0
H-063 5 3 1
H-063 5 3 1
H-063 5 3 -1
H-063 5 3 0
H-064 1 2 -1
H-064 1 2 1
H-064 1 2 -1
H-064 1 2 1
H-064 1 5 1
H-064 1 5 1
H-064 1 5 0
H-064 1 5 0
H-064 1 5 0
H-064 2 3 0
H-064 2 3 0
H-064 2 3 1
H-064 2 3 0
H-064 2 4 1
H-064 2 4 -1
H-064 2 4 1
H-064 2 4 -1
H-064 3 1 1
H-064 3 1 -2
H-064 3 1 0
H-064 3 1 -1
H-064 4 1 -1
H-064 4 1 -1
H-064 4 1 0
H-064 4 1 1
H-064 4 3 -1
H-064 4 3 0
H-064 4 3 -1
H-064 4 3 1
H-064 4 5 1
H-064 4 5 -1
H-064 4 5 0
H-064 4 5 1
H-064 5 2 -1
H-064 5 2 -1
H-064 5 2 0
H-064 5 3 -1
H-064 5 3 1
H-064 5 3 0
H-064 5 3 0
H-065 1 2 0
H-065 1 2 -2
H-065 1 2 1
H-065 1 5 1
H-065 1 5 2
H-065 1 5 0
H-065 2 3 0
H-065 2 3 0
H-065 2 3 1
H-065 2 4 1
H-065 2 4 2
H-065 2 4 -1
H-065 3 1 1
H-065 3 1 1
H-065 3 1 -1
H-065 4 1 -1
H-065 4 1 1
H-065 4 1 1
H-065 4 3 -1
H-065 4 3 -1
H-065 4 3 1
H-065 4 5 1
H-065 4 5 2
H-065 4 5 0
H-065 5 2 -1
H-065 5 2 -2
H-065 5 2 0
H-065 5 3 -1
H-065 5 3 -2
H-065 5 3 0
H-066 1 2 0
H-066 1 2 0
H-066 1 2 1
H-066 1 5 1
H-066 1 5 2
H-066 1 5 0
H-066 2 3 0
H-066 2 3 2
H-066 2 3 1
H-066 2 4 1
H-066 2 4 2
H-066 2 4 0
H-066 3 1 0
H-066 3 1 2
H-066 3 1 -1
H-066 4 1 -1
H-066 4 1 1
H-066 4 1 -1
H-066 4 3 -1
H-066 4 3 -1
H-066 4 3 0
H-066 4 5 0
H-066 4 5 1
H-066 4 5 0
H-066 5 2 -1
H-066 5 2 -2
H-066 5 2 -1
H-066 5 3 -1
H-066 5 3 -2
H-066 5 3 0
H-067 1 2 0
H-067 1 2 -1
H-067 1 2 -2
H-067 1 5 1
H-067 1 5 2
H-067 1 5 0
H-067 2 3 -1
H-067 2 3 -2
H-067 2 3 -1
H-067 2 4 1
H-067 2 4 -1
H-067 2 4 1
H-067 3 1 1
H-067 3 1 2
H-067 3 1 1
H-067 4 1 0
H-067 4 1 1
H-067 4 1 1
H-067 4 3 -1
H-067 4 3 -1
H-067 4 3 -1
H-067 4 5 1
H-067 4 5 2
H-067 4 5 1
H-067 5 2 -1
H-067 5 2 -2
H-067 5 2 -1
H-067 5 3 -2
H-067 5 3 -2
H-067 5 3 -1
H-068 1 2 0
H-068 1 2 1
H-068 1 2 1
H-068 1 5 1
H-068 1 5 2
H-068 1 5 0
H-068 2 3 -1
H-068 2 3 -2
H-068 2 3 -1
H-068 2 4 0
H-068 2 4 -2
H-068 2 4 0
H-068 3 1 1
H-068 3 1 2
H-068 3 1 1
H-068 4 1 -1
H-068 4 1 1
H-068 4 1 -1
H-068 4 3 -1
H-068 4 3 -1
H-068 4 3 -1
H-068 4 5 1
H-068 4 5 2
H-068 4 5 1
H-068 5 2 -1
H-068 5 2 -1
H-068 5 2 0
H-068 5 3 -1
H-068 5 3 -2
H-068 5 3 -2
H-069 1 2 -1
H-069 1 2 -1
H-069 1 5 1
H-069 1 5 2
H-069 2 3 1
H-069 2 3 0
H-069 2 4 -1
H-069 2 4 2
H-069 3 1 1
H-069 3 1 -2
H-069 4 1 1
H-069 4 1 -2
H-069 4 3 -1
H-069 4 3 -2
H-069 4 5 1
H-069 4 5 2
H-069 5 2 -1
H-069 5 2 -2
H-069 5 3 -1
H-069 5 3 -2
H-070 1 2 2
H-070 1 2 2
H-070 1 5 1
H-070 1 5 2
H-070 2 3 1
H-070 2 3 1
H-070 2 4 1
H-070 2 4 1
H-070 2 4 1
H-070 3 1 -1
H-070 3 1 -2
H-070 4 1 -1
H-070 4 1 -2
H-070 4 3 -1
H-070 4 3 -2
H-070 4 5 1
H-070 4 5 1
H-070 5 2 -1
H-070 5 2 -2
H-070 5 3 -1
H-070 5 3 -2
H-071 1 2 -1
H-071 1 5 -1
H-071 1 5 2
H-071 2 3 -1
H-071 2 3 2
H-071 2 4 -1
H-071 2 4 2
H-071 3 1 1
H-071 3 1 2
H-071 4 1 0
H-071 4 1 -1
H-071 4 3 -1
H-071 4 3 -2
H-071 4 5 0
H-071 4 5 2
H-071 5 2 -1
H-071 5 2 -2
H-071 5 3 -1
H-071 5 3 -2
H-072 1 2 -1
H-072 1 2 -2
H-072 1 5 0
H-072 1 5 -1
H-072 2 3 -2
H-072 2 3 -2
H-072 2 4 -1
H-072 2 4 -1
H-072 3 1 2
H-072 3 1 2
H-072 4 1 1
H-072 4 1 2
H-072 4 3 -2
H-072 4 3 -2
H-072 4 5 1
H-072 4 5 2
H-072 5 2 -1
H-072 5 2 -2
H-072 5 3 -1
H-072 5 3 -2
H-073 1 2 1
H-073 1 2 -2
H-073 1 5 1
H-073 1 5 2
H-073 2 3 1
H-073 2 3 2
H-073 2 4 1
H-073 2 4 2
H-073 3 1 -1
H-073 3 1 1
H-073 4 1 -1
H-073 4 1 -2
H-073 4 3 0
H-073 4 3 -2
H-073 4 5 -1
H-073 4 5 2
H-073 5 2 -1
H-073 5 2 -2
H-073 5 3 1
H-073 5 3 -2
H-074 1 2 1
H-074 1 2 2
H-074 1 5 1
H-074 1 5 2
H-074 2 3 -1
H-074 2 3 -2
H-074 2 4 1
H-074 2 4 -2
H-074 3 1 1
H-074 3 1 2
H-074 4 1 -1
H-074 4 1 2
H-074 4 3 -1
H-074 4 3 -2
H-074 4 5 1
H-074 4 5 2
H-074 5 2 -1
H-074 5 2 -2
H-074 5 3 -1
H-074 5 3 -2
H-075 1 2 1
H-075 1 2 1
H-075 1 5 1
H-075 1 5 2
H-075 2 3 -1
H-075 2 3 0
H-075 2 4 -1
H-075 2 4 -2
H-075 3 1 -1
H-075 3 1 -1
H-075 4 1 1
H-075 4 1 1
H-075 4 3 -1
H-075 4 3 1
H-075 4 5 0
H-075 4 5 0
H-075 5 2 -1
H-075 5 2 0
H-075 5 3 -1
H-075 5 3 -2
H-076 1 2 -1
H-076 1 2 -2
H-076 1 5 1
H-076 1 5 0
H-076 2 3 -1
H-076 2 3 2
H-076 2 4 -1
H-076 2 4 -2
H-076 3 1 -1
H-076 3 1 1
H-076 4 1 1
H-076 4 1 2
H-076 4 3 1
H-076 4 3 2
H-076 4 5 1
H-076 4 5 2
H-076 5 2 -1
H-076 5 2 -2
H-076 5 3 -1
H-076 5 3 -1
H-077 1 2 -1
H-077 1 5 1
H-077 2 3 -2
H-077 2 4 -1
H-077 3 1 -1
H-077 4 1 1
H-077 4 3 -1
H-077 4 5 1
H-077 5 2 -1
H-077 5 3 -1
H-078 1 2 1
H-078 1 5 1
H-078 2 3 1
H-078 2 4 1
H-078 3 1 -1
H-078 4 1 -1
H-078 4 3 -1
H-078 4 5 1
H-078 5 2 -1
H-078 5 3 -1
H-079 1 2 1
H-079 1 5 2
H-079 2 3 -1
H-079 2 4 0
H-079 3 1 -1
H-079 4 1 -1
H-079 4 3 -1
H-079 4 5 1
H-079 5 2 -1
H-079 5 3 -1
H-080 1 2 1
H-080 1 5 1
H-080 2 3 1
H-080 2 4 1
H-080 3 1 -1
H-080 4 1 1
H-080 4 3 1
H-080 4 5 1
H-080 5 2 -1
H-080 5 3 -1
H-081 1 2 1
H-081 1 5 1
H-081 2 3 0
H-081 2 4 0
H-081 3 1 0
H-081 4 1 -2
H-081 4 3 0
H-081 4 5 0
H-081 5 2 -1
H-081 5 3 0
H-082 1 2 -2
H-082 1 5 1
H-082 2 3 -1
H-082 2 4 1
H-082 3 1 1
H-082 4 1 -1
H-082 4 3 -1
H-082 4 5 2
H-082 5 2 -1
H-082 5 3 -2
H-083 1 2 -2
H-083 1 5 -2
H-083 2 3 1
H-083 2 4 -1
H-083 3 1 0
H-083 4 1 0
H-083 4 3 2
H-083 4 5 2
H-083 5 2 -2
H-083 5 3 -2
H-084 1 2 -1
H-084 1 5 1
H-084 2 3 -1
H-084 2 4 0
H-084 3 1 1
H-084 4 1 1
H-084 4 3 0
H-084 4 5 1
H-084 5 2 -1
H-084 5 3 -2
H-085 1 2 -2
H-085 1 2 -2
H-085 1 5 1
H-085 1 5 2
H-085 2 3 1
H-085 2 3 1
H-085 2 4 0
H-085 2 4 1
H-085 3 1 -1
H-085 3 1 2
H-085 4 1 0
H-085 4 1 -1
H-085 4 3 -1
H-085 4 3 1
H-085 4 5 -1
H-085 4 5 1
H-085 5 2 -2
H-085 5 2 -2
H-085 5 3 -1
H-085 5 3 -2
H-086 1 2 2
H-086 1 2 1
H-086 1 5 1
H-086 1 5 -1
H-086 2 3 -2
H-086 2 3 1
H-086 2 4 2
H-086 2 4 0
H-086 3 1 2
H-086 3 1 -2
H-086 4 1 2
H-086 4 1 2
H-086 4 3 0
H-086 4 3 2
H-086 4 5 1
H-086 4 5 1
H-086 5 2 -1
H-086 5 2 0
H-086 5 3 -2
H-086 5 3 -2
H-087 1 2 -1
H-087 1 2 2
H-087 1 5 2
H-087 1 5 2
H-087 2 3 0
H-087 2 3 -2
H-087 2 4 1
H-087 2 4 0
H-087 3 1 0
H-087 3 1 -2
H-087 4 1 -2
H-087 4 1 -2
H-087 4 3 -1
H-087 4 3 -2
H-087 4 5 -1
H-087 4 5 -1
H-087 5 2 -1
H-087 5 2 0
H-087 5 3 -1
H-087 5 3 -2
H-088 1 2 0
H-088 1 2 1
H-088 1 5 2
H-088 1 5 1
H-088 2 3 1
H-088 2 3 -2
H-088 2 4 -1
H-088 2 4 -1
H-088 2 4 1
H-088 3 1 1
H-088 3 1 2
H-088 4 1 0
H-088 4 1 -1
H-088 4 3 1
H-088 4 3 -2
H-088 4 5 1
H-088 4 5 2
H-088 5 2 -2
H-088 5 2 0
H-088 5 3 1
H-088 5 3 -1
H-089 1 2 2
H-089 1 2 2
H-089 1 2 1
H-089 1 2 2
H-089 1 5 2
H-089 1 5 1
H-089 1 5 1
H-089 1 5 2
H-089 2 3 -2
H-089 2 3 0
H-089 2 3 1
H-089 2 3 2
H-089 2 4 0
H-089 2 4 1
H-089 2 4 0
H-089 2 4 -2
H-089 3 1 -2
H-089 3 1 0
H-089 3 1 -1
H-089 3 1 2
H-089 4 1 -2
H-089 4 1 -1
H-089 4 1 -1
H-089 4 1 1
H-089 4 3 2
H-089 4 3 -1
H-089 4 3 0
H-089 4 3 0
H-089 4 5 2
H-089 4 5 1
H-089 4 5 1
H-089 4 5 2
H-089 5 2 -2
H-089 5 2 -1
H-089 5 2 -1
H-089 5 2 0
H-089 5 3 -2
H-089 5 3 -1
H-089 5 3 -1
H-089 5 3 0
H-090 1 2 -2
H-090 1 2 -1
H-090 1 2 -1
H-090 1 2 -1
H-090 1 5 1
H-090 1 5 0
H-090 1 5 2
H-090 1 5 0
H-090 2 3 -2
H-090 2 3 -1
H-090 2 3 -1
H-090 2 3 -1
H-090 2 4 -2
H-090 2 4 -2
H-090 2 4 -1
H-090 2 4 1
H-090 3 1 2
H-090 3 1 1
H-090 3 1 2
H-090 3 1 1
H-090 4 1 2
H-090 4 1 1
H-090 4 1 2
H-090 4 1 1
H-090 4 3 -2
H-090 4 3 -1
H-090 4 3 2
H-090 4 3 0
H-090 4 5 2
H-090 4 5 1
H-090 4 5 2
H-090 4 5 2
H-090 5 2 -2
H-090 5 2 -1
H-090 5 2 -2
H-090 5 2 0
H-090 5 3 -2
H-090 5 3 -2
H-090 5 3 -2
H-090 5 3 -2
H-091 1 2 -1
H-091 1 2 0
H-091 1 2 -2
H-091 1 2 -1
H-091 1 5 1
H-091 1 5 2
H-091 1 5 1
H-091 1 5 1
H-091 2 3 -1
H-091 2 3 0
H-091 2 3 -1
H-091 2 3 0
H-091 2 4 -2
H-091 2 4 1
H-091 2 4 0
H-091 2 4 0
H-091 3 1 2
H-091 3 1 -1
H-091 3 1 1
H-091 3 1 0
H-091 4 1 2
H-091 4 1 0
H-091 4 1 1
H-091 4 1 1
H-091 4 3 -1
H-091 4 3 -1
H-091 4 3 -1
H-091 4 3 0
H-091 4 5 2
H-091 4 5 -1
H-091 4 5 -1
H-091 4 5 0
H-091 5 2 -1
H-091 5 2 -2
H-091 5 2 -1
H-091 5 2 0
H-091 5 3 0
H-091 5 3 -1
H-091 5 3 -2
H-091 5 3 -1
H-092 1 2 -1
H-092 1 2 0
H-092 1 2 2
H-092 1 2 -1
H-092 1 5 -1
H-092 1 5 -1
H-092 1 5 2
H-092 1 5 2
H-092 2 3 -1
H-092 2 3 1
H-092 2 3 -2
H-092 2 3 2
H-092 2 4 -2
H-092 2 4 1
H-092 2 4 1
H-092 2 4 1
H-092 3 1 1
H-092 3 1 -1
H-092 3 1 -2
H-092 3 1 1
H-092 4 1 2
H-092 4 1 -1
H-092 4 1 -2
H-092 4 1 -2
H-092 4 3 2
H-092 4 3 0
H-092 4 3 -2
H-092 4 3 2
H-092 4 5 2
H-092 4 5 -1
H-092 4 5 -2
H-092 4 5 -2
H-092 5 2 -1
H-092 5 2 1
H-092 5 2 0
H-092 5 2 -2
H-092 5 3 -1
H-092 5 3 -2
H-092 5 3 -2
H-092 5 3 -2
H-093 1 2 -1
H-093 1 2 -1
H-093 1 2 2
H-093 1 2 0
H-093 1 5 1
H-093 1 5 1
H-093 1 5 1
H-093 2 3 -1
H-093 2 3 1
H-093 2 3 -1
H-093 2 4 -1
H-093 2 4 1
H-093 2 4 -1
H-093 3 1 1
H-093 3 1 -1
H-093 3 1 1
H-093 4 1 1
H-093 4 1 0
H-093 4 1 1
H-093 4 3 1
H-093 4 3 0
H-093 4 3 2
H-093 4 5 1
H-093 4 5 0
H-093 4 5 2
H-093 5 2 -1
H-093 5 2 0
H-093 5 2 -1
H-093 5 3 -1
H-093 5 3 -1
H-094 1 2 0
H-094 1 2 1
H-094 1 2 -1
H-094 1 5 1
H-094 1 5 1
H-094 1 5 0
H-094 2 3 -1
H-094 2 3 1
H-094 2 3 1
H-094 2 4 1
H-094 2 4 2
H-094 2 4 1
H-094 3 1 1
H-094 3 1 1
H-094 3 1 2
H-094 4 1 1
H-094 4 1 0
H-094 4 1 2
H-094 4 3 1
H-094 4 3 0
H-094 4 3 0
H-094 4 5 1
H-094 4 5 -1
H-094 4 5 1
H-094 5 2 -1
H-094 5 2 -1
H-094 5 2 -1
H-094 5 3 -1
H-094 5 3 1
H-094 5 3 1
H-095 1 2 -1
H-095 1 2 -2
H-095 1 2 -1
H-095 1 5 1
H-095 1 5 1
H-095 1 5 0
H-095 2 3 -1
H-095 2 3 1
H-095 2 3 -2
H-095 2 4 -1
H-095 2 4 1
H-095 2 4 -1
H-095 3 1 1
H-095 3 1 -2
H-095 3 1 2
H-095 4 1 0
H-095 4 1 -1
H-095 4 1 2
H-095 4 3 0
H-095 4 3 0
H-095 4 3 1
H-095 4 5 1
H-095 4 5 -2
H-095 4 5 1
H-095 5 2 1
H-095 5 2 -1
H-095 5 2 -1
H-095 5 3 -1
H-095 5 3 1
H-095 5 3 -2
H-096 1 2 1
H-096 1 2 -2
H-096 1 2 -2
H-096 1 5 1
H-096 1 5 0
H-096 1 5 1
H-096 2 3 -1
H-096 2 3 -2
H-096 2 3 -1
H-096 2 4 -1
H-096 2 4 -1
H-096 2 4 0
H-096 2 4 1
H-096 2 4 1
H-096 3 1 1
H-096 3 1 2
H-096 3 1 1
H-096 4 1 1
H-096 4 1 1
H-096 4 3 1
H-096 4 3 -1
H-096 4 3 -1
H-096 4 5 1
H-096 4 5 2
H-096 4 5 1
H-096 5 2 -1
H-096 5 2 -1
H-096 5 2 -1
H-096 5 2 -2
H-096 5 3 -1
H-096 5 3 -2
H-096 5 3 -2
H-097 1 2 -1
H-097 1 5 1
H-097 2 3 0
H-097 2 4 -1
H-097 3 1 0
H-097 4 1 0
H-097 4 3 1
H-097 4 5 1
H-097 5 2 -1
H-097 5 3 -1
H-098 1 2 1
H-098 1 5 0
H-098 2 3 -1
H-098 2 4 -1
H-098 3 1 0
H-098 4 1 1
H-098 4 3 1
H-098 4 5 1
H-098 5 2 0
H-098 5 3 -1
H-099 1 2 -1
H-099 1 5 0
H-099 2 3 -1
H-099 2 4 -1
H-099 3 1 1
H-099 4 1 1
H-099 4 3 -1
H-099 4 5 1
H-099 5 2 1
H-099 5 3 -1
H-100 1 2 0
H-100 1 5 1
H-100 2 3 -1
H-100 2 4 1
H-100 3 1 0
H-100 4 1 -1
H-100 4 3 -1
H-100 4 5 1
H-100 5 2 -1
H-100 5 3 -1
